366
4       0    1   2   0.0
6   19224    2   2   0.0
4   19233    3   2   0.0
2   28839    4   2   0.0
4   28839    5   2   0.0
2   83284    6   3   0.0
4   83318    7   3   0.0
6   83365    8   3   0.0
2   86137    9   3   0.0
4   86221   10   3   0.0
6   88107   11   2   0.0
4   88151   12   2   0.0
2   88171   13   2   0.0
2   93582   14   3   0.0
2   94771   15   3   0.0
4   94793   16   3   0.0
6   94831   17   3   0.0
8   94882   18   3   0.0
2   95475   19   3   0.0
4   95494   20   3   0.0
6   95532   21   3   0.0
4   96751   22   3   0.0
4   96788   23   3   0.0
6   96864   24   3   0.0
2   97770   25   3   0.0
4   97806   26   3   0.0
6   99663   27   3   0.0
4   99664   28   3   0.0
2   103620   29   4   0.0
4   103670   30   4   0.0
6   103740   31   4   0.0
2   104140   32   4   0.0
4   104220   33   4   0.0
4   104620   34   3   0.0
2   104650   35   3   0.0
4   104660   36   3   0.0
6   104680   37   3   0.0
8   104720   38   3   0.0
10   104770   39   3   0.0
6   104810   40   3   0.0
6   104830   41   3   0.0
4   104860   42   3   0.0
8   104880   43   3   0.0
2   104890   44   3   0.0
2   104980   45   3   0.0
4   105000   46   3   0.0
6   105010   47   3   0.0
8   105020   48   3   0.0
4   105120   49   3   0.0
6   105140   50   3   0.0
2   106480   51   4   0.0
2   106760   52   4   0.0
4   106780   53   4   0.0
6   106810   54   4   0.0
8   106870   55   4   0.0
2   106980   56   4   0.0
4   107000   57   4   0.0
6   107040   58   4   0.0
4   107180   59   4   0.0
6   107250   60   4   0.0
4   107450   61   4   0.0
2   107590   62   4   0.0
4   107630   63   4   0.0
2   109810   64   5   0.0
4   109860   65   5   0.0
6   109930   66   5   0.0
2   110040   67   5   0.0
4   110100   68   5   0.0
4   110190   69   4   0.0
6   110210   70   4   0.0
4   110220   71   4   0.0
2   110250   72   4   0.0
8   110250   73   4   0.0
6   110290   74   4   0.0
6   110300   75   4   0.0
10   110300   76   4   0.0
4   110320   77   4   0.0
6   110350   78   4   0.0
8   110350   79   4   0.0
2   110350   80   4   0.0
8   110360   81   4   0.0
6   110390   82   4   0.0
8   110390   83   4   0.0
2   110390   84   4   0.0
4   110400   85   4   0.0
6   110400   86   4   0.0
10   110400   87   4   0.0
8   110400   88   4   0.0
8   110400   89   4   0.0
4   110400   90   4   0.0
6   110400   91   4   0.0
4   110450   92   4   0.0
2   110460   93   4   0.0
4   110460   94   4   0.0
6   110470   95   4   0.0
12   110470   96   4   0.0
10   110470   97   4   0.0
4   110490   98   4   0.0
6   110490   99   4   0.0
8   110500   100   4   0.0
6   110500   101   4   0.0
10   110500   102   4   0.0
8   110500   103   4   0.0
4   110520   104   3   0.0
6   110540   105   3   0.0
6   110710   106   3   0.0
8   110720   107   3   0.0
2   111060   108   5   0.0
2   111140   109   5   0.0
4   111170   110   5   0.0
2   111200   111   5   0.0
6   111200   112   5   0.0
4   111210   113   5   0.0
8   111260   114   5   0.0
2   111270   115   5   0.0
4   111290   116   5   0.0
6   111330   117   5   0.0
4   111500   118   5   0.0
4   111850   119   5   0.0
6   111910   120   5   0.0
2   112290   121   3   0.0
4   112320   122   3   0.0
2   112570   123   6   0.0
4   112610   124   6   0.0
6   112680   125   6   0.0
2   112690   126   6   0.0
4   112740   127   6   0.0
4   112760   128   5   0.0
6   112760   129   5   0.0
8   112800   130   5   0.0
4   112800   131   5   0.0
2   112810   132   5   0.0
6   112810   133   5   0.0
6   112820   134   5   0.0
8   112830   135   5   0.0
6   112830   136   5   0.0
4   112840   137   5   0.0
10   112860   138   5   0.0
8   112870   139   5   0.0
2   112870   140   5   0.0
10   112880   141   5   0.0
8   112880   142   5   0.0
4   112880   143   5   0.0
6   112880   144   5   0.0
8   112890   145   5   0.0
2   112900   146   5   0.0
4   112910   147   5   0.0
6   112910   148   5   0.0
8   112910   149   5   0.0
4   112930   150   5   0.0
6   112950   151   5   0.0
2   112950   152   5   0.0
4   112950   153   5   0.0
12   112950   154   5   0.0
10   112950   155   5   0.0
6   112960   156   5   0.0
4   112960   157   5   0.0
8   112970   158   5   0.0
10   112970   159   5   0.0
8   112970   160   5   0.0
6   113310   161   6   0.0
4   113350   162   6   0.0
8   113370   163   6   0.0
6   113400   164   6   0.0
2   114030   165   7   0.0
4   114070   166   7   0.0
2   114110   167   7   0.0
4   114120   168   6   0.0
6   114130   169   6   0.0
6   114150   170   7   0.0
4   114170   171   6   0.0
6   114170   172   6   0.0
8   114170   173   6   0.0
8   114180   174   6   0.0
6   114180   175   6   0.0
2   114180   176   6   0.0
6   114190   177   6   0.0
4   114200   178   6   0.0
4   114210   179   7   0.0
8   114220   180   6   0.0
6   114220   181   6   0.0
10   114220   182   6   0.0
8   114220   183   6   0.0
6   114220   184   6   0.0
4   114220   185   6   0.0
10   114250   186   6   0.0
2   114250   187   6   0.0
8   114260   188   6   0.0
2   114270   189   6   0.0
4   114270   190   6   0.0
6   114270   191   6   0.0
8   114270   192   6   0.0
4   114280   193   6   0.0
6   114290   194   6   0.0
2   114300   195   6   0.0
4   114300   196   6   0.0
10   114300   197   6   0.0
12   114300   198   6   0.0
4   114300   199   6   0.0
6   114300   200   6   0.0
6   114310   201   6   0.0
8   114310   202   6   0.0
10   114310   203   6   0.0
8   114310   204   6   0.0
8   114550   205   7   0.0
2   114890   206   8   0.0
4   114940   207   8   0.0
4   114950   208   7   0.0
6   114960   209   7   0.0
2   114960   210   8   0.0
4   114990   211   7   0.0
6   115000   212   7   0.0
8   115000   213   7   0.0
2   115010   214   7   0.0
6   115010   215   7   0.0
4   115020   216   7   0.0
6   115020   217   8   0.0
4   115030   218   8   0.0
10   115080   219   7   0.0
8   115090   220   7   0.0
2   115090   221   7   0.0
8   115090   222   7   0.0
4   115090   223   7   0.0
6   115090   224   7   0.0
4   115100   225   7   0.0
6   115110   226   7   0.0
2   115450   227   9   0.0
4   115480   228   9   0.0
2   115480   229   9   0.0
4   115500   230   9   0.0
6   115500   231   8   0.0
2   115530   232   8   0.0
4   115540   233   8   0.0
8   115540   234   8   0.0
6   115540   235   8   0.0
6   115580   236   9   0.0
4   115600   237   8   0.0
10   115610   238   8   0.0
2   115620   239   8   0.0
4   115620   240   8   0.0
6   115620   241   8   0.0
8   115620   242   8   0.0
2   115620   243   8   0.0
4   115630   244   8   0.0
6   115630   245   8   0.0
8   115630   246   8   0.0
6   115630   247   8   0.0
2   115830   248   10   0.0
2   115840   249   10   0.0
4   115840   250   10   0.0
4   115880   251   10   0.0
8   115890   252   9   0.0
2   115890   253   9   0.0
6   115890   254   9   0.0
4   115890   255   9   0.0
4   115890   256   9   0.0
2   115890   257   9   0.0
8   115900   258   9   0.0
6   115900   259   9   0.0
6   115960   260   10   0.0
4   115970   261   9   0.0
4   115990   262   9   0.0
6   115990   263   9   0.0
2   115990   264   9   0.0
6   115990   265   9   0.0
2   116110   266   11   0.0
4   116110   267   11   0.0
6   116120   268   11   0.0
4   116120   269   11   0.0
2   116120   270   11   0.0
2   116160   271   10   0.0
4   116160   272   10   0.0
6   116160   273   10   0.0
8   116160   274   10   0.0
4   116160   275   10   0.0
2   116160   276   10   0.0
6   116160   277   10   0.0
8   116160   278   10   0.0
4   116240   279   10   0.0
6   116240   280   10   0.0
2   116260   281   10   0.0
6   116260   282   10   0.0
4   116260   283   10   0.0
2   116280   284   3   0.0
2   116300   285   12   0.0
4   116300   286   12   0.0
4   116310   287   12   0.0
2   116310   288   12   0.0
6   116310   289   12   0.0
4   116350   290   11   0.0
2   116350   291   11   0.0
8   116360   292   11   0.0
6   116360   293   11   0.0
8   116370   294   11   0.0
4   116370   295   11   0.0
6   116370   296   11   0.0
2   116370   297   11   0.0
6   116440   298   11   0.0
4   116440   299   11   0.0
2   116440   300   11   0.0
6   116440   301   11   0.0
4   116440   302   11   0.0
4   116470   303   13   0.0
2   116470   304   13   0.0
2   116500   305   12   0.0
4   116500   306   12   0.0
4   116580   307   12   0.0
6   116580   308   12   0.0
2   116580   309   12   0.0
6   116620   310   12   0.0
4   116620   311   12   0.0
4   119210   312   4   0.0
6   119210   313   4   0.0
8   119810   314   3   0.0
10   120150   315   3   0.0
8   120150   316   3   0.0
6   120150   317   3   0.0
4   120160   318   3   0.0
4   120310   319   3   0.0
2   120310   320   3   0.0
2   120570   321   3   0.0
6   121200   322   2   0.0
6   122250   323   4   0.0
8   122250   324   4   0.0
12   125690   325   4   0.0
10   125690   326   4   0.0
6   131000   327   3   0.0
4   142080   328   3   0.0
6   142080   329   3   0.0
8   142080   330   3   0.0
2   144360   331   3   0.0
4   144360   332   3   0.0
6   144360   333   3   0.0
6   154440   334   4   0.0
2   154440   335   4   0.0
4   154440   336   4   0.0
2   158320   337   5   0.0
4   158320   338   5   0.0
6   158320   339   5   0.0
4   160240   340   6   0.0
6   160240   341   6   0.0
2   160240   342   6   0.0
2   161330   343   7   0.0
6   161330   344   7   0.0
4   161330   345   7   0.0
6   162000   346   8   0.0
4   162000   347   8   0.0
2   162000   348   8   0.0
6   162440   349   9   0.0
4   162440   350   9   0.0
2   162440   351   9   0.0
6   162770   352   10   0.0
4   162770   353   10   0.0
2   162770   354   10   0.0
2   163000   355   11   0.0
6   163000   356   11   0.0
4   163000   357   11   0.0
4   163160   358   12   0.0
6   163160   359   12   0.0
2   163160   360   12   0.0
2   163300   361   13   0.0
4   163300   362   13   0.0
6   163300   363   13   0.0
2   163400   364   14   0.0
4   163400   365   14   0.0
6   163400   366   14   0.0

1097
865.23   1   236   4   6   3740000   0   0
865.84   1   230   4   4   3740000   0   0
866.18   1   227   4   2   3730000   0   0
869.4   1   217   4   6   5560000   0   0
870.03   1   207   4   4   5550000   0   0
870.37   1   206   4   2   5540000   0   0
875.28   1   187   4   2   34000000   0   0
875.66   1   178   4   4   33900000   0   0
875.72   1   177   4   6   33900000   0   0
876.07   1   170   4   6   8810000   0   0
876.65   1   166   4   4   8790000   0   0
876.99   1   165   4   2   8780000   0   0
885.97   1   140   4   2   55800000   0   0
886.23   1   137   4   4   55800000   0   0
886.33   1   134   4   6   55800000   0   0
887.46   1   125   4   6   15100000   0   0
888.02   1   124   4   4   15100000   0   0
888.37   1   123   4   2   15100000   0   0
906.21   1   80   4   2   99900000   0   0
906.43   1   77   4   4   99900000   0   0
906.62   1   75   4   6   99800000   0   0
909.7   1   66   4   6   29300000   0   0
910.28   1   65   4   4   29200000   0   0
910.64   1   64   4   2   29200000   0   0
952.3   1   47   4   6   9190000   0   0
952.41   1   46   4   4   12500000   0   0
952.52   1   45   4   2   8820000   0   0
953.41   1   44   4   2   193000000   0   0
953.65   1   42   4   4   183000000   0   0
953.97   1   41   4   6   170000000   0   0
954.1   1   40   4   6   33000000   0   0
963.99   1   31   4   6   70700000   0   0
964.63   1   30   4   4   67600000   0   0
965.04   1   29   4   2   57600000   0   0
980.62   2   322   6   6   333000000   0   0
980.71   3   322   4   6   22900000   0   0
989.26   2   319   6   4   99500000   0   0
989.34   3   320   4   2   112000000   0   0
989.35   3   319   4   4   10900000   0   0
990.77   2   318   6   4   24900000   0   0
990.83   2   317   6   6   235000000   0   0
990.86   3   318   4   4   226000000   0   0
990.91   3   317   4   6   16500000   0   0
1000.1   2   313   6   6   37200000   0   0
1000.1   2   312   6   4   3920000   0   0
1000.2   3   312   4   4   36200000   0   0
1000.2   3   313   4   6   2720000   0   0
1067.6   2   145   6   8   35300000   0   0
1068.5   2   133   6   6   2340000   0   0
1068.6   3   133   4   6   32800000   0   0
1082.7   5   322   4   6   126000000   0   0
1090.2   4   321   2   2   65500000   0   0
1090.2   5   321   4   2   131000000   0   0
1093.2   4   320   2   2   78800000   0   0
1093.2   5   320   4   2   38500000   0   0
1093.2   4   319   2   4   19900000   0   0
1093.3   5   319   4   4   99600000   0   0
1095.1   4   318   2   4   1150000   0   0
1095.2   5   317   4   6   1400000   0   0
1097.2   2   81   6   8   63500000   0   0
1098.2   2   74   6   6   4230000   0   0
1098.3   3   74   4   6   59100000   0   0
1100.4   2   68   6   4   36000000   0   0
1100.5   3   68   4   4   4000000   0   0
1101.3   3   67   4   2   39900000   0   0
1106.5   4   312   2   4   3040000   0   0
1106.6   5   313   4   6   3520000   0   0
1106.6   5   312   4   4   739000   0   0
1134.2   1   13   4   2   158000000   0   0
1134.4   1   12   4   4   154000000   0   0
1135   1   11   4   6   150000000   0   0
1163.9   2   50   6   6   75200000   0   0
1164   3   50   4   6   1270000   0   0
1164.2   2   49   6   4   5170000   0   0
1164.3   3   49   4   4   69400000   0   0
1167.4   2   43   6   8   129000000   0   0
1168.3   3   41   4   6   23600000   0   0
1168.4   2   40   6   6   4240000   0   0
1168.5   3   40   4   6   124000000   0   0
1170.7   3   35   4   2   53100000   0   0
1171.1   2   34   6   4   56000000   0   0
1171.2   3   34   4   4   2840000   0   0
1176.5   2   33   6   4   92200000   0   0
1176.6   3   33   4   4   10200000   0   0
1177.7   3   32   4   2   102000000   0   0
1189   5   151   4   6   24800000   0   0
1189.2   4   150   2   4   20700000   0   0
1189.2   5   150   4   4   4130000   0   0
1190.9   4   132   2   2   14600000   0   0
1190.9   5   132   4   2   7300000   0   0
1191   4   131   2   4   3650000   0   0
1191   5   131   4   4   18200000   0   0
1199.5   1   8   4   6   401000000   0   0
1200.2   1   7   4   4   399000000   0   0
1200.7   1   6   4   2   398000000   0   0
1225   5   95   4   6   44100000   0   0
1225.4   4   92   2   4   36700000   0   0
1225.4   5   92   4   4   7340000   0   0
1228.4   4   72   2   2   27000000   0   0
1228.4   5   72   4   2   13500000   0   0
1228.8   4   71   2   4   6760000   0   0
1228.8   5   71   4   4   33800000   0   0
1243.2   2   28   6   4   33400000   0   0
1243.2   2   27   6   6   321000000   0   0
1243.3   3   28   4   4   309000000   0   0
1243.3   3   27   4   6   23500000   0   0
1310.5   5   50   4   6   84200000   0   0
1310.9   4   49   2   4   66800000   0   0
1311   5   49   4   4   18900000   0   0
1316   5   41   4   6   40400   0   0
1316.3   5   40   4   6   1420000   0   0
1319   4   35   2   2   56200000   0   0
1319   5   35   4   2   27600000   0   0
1319.7   4   34   2   4   20200000   0   0
1319.7   5   34   4   4   63300000   0   0
1326.6   4   33   2   4   1790000   0   0
1326.6   5   33   4   4   8950000   0   0
1327.9   4   32   2   2   7140000   0   0
1327.9   5   32   4   2   3570000   0   0
1411.9   4   28   2   4   42500000   0   0
1411.9   5   28   4   4   9590000   0   0
1411.9   5   27   4   6   51000000   0   0
1492.6   2   10   6   4   313000000   0   0
1492.8   3   10   4   4   35100000   0   0
1494.7   3   9   4   2   372000000   0   0
1742.7   4   10   2   4   23400000   0   0
1742.7   5   10   4   4   116000000   0   0
1745.2   4   9   2   2   92200000   0   0
1745.3   5   9   4   2   44500000   0   0
3467.5   1   5   4   4   0.00621   0   0
3467.5   1   5   4   4   1.66E-07   0   0
3467.5   1   4   4   2   0.00252   0   0
3467.5   1   4   4   2   1.14E-08   0   0
3819.4   9   122   2   4   895000   0   0
3823.1   9   121   2   2   3700000   0   0
3831.5   10   122   4   4   4670000   0   0
3835.3   10   121   4   2   1890000   0   0
3888.7   9   119   2   4   2090000   0   0
3893.3   10   120   4   6   2500000   0   0
3901.3   10   119   4   4   414000   0   0
4012.3   9   108   2   2   575000   0   0
4025.7   10   108   4   2   1140000   0   0
4096.2   23   322   4   6   80500   0   0
4101.1   9   104   2   4   3480000   0   0
4109.1   24   322   6   6   1230000   0   0
4111.1   10   105   4   6   3900000   0   0
4115.1   10   104   4   4   662000   0   0
4138.8   6   61   2   4   280000   0   0
4144.6   7   61   4   4   609000   0   0
4152.7   8   61   6   4   1010000   0   0
4251.1   23   320   4   2   2590000   0   0
4251.4   23   319   4   4   224000   0   0
4265.2   24   319   6   4   2260000   0   0
4274.5   26   322   4   6   828000   0   0
4279.3   23   318   4   4   5010000   0   0
4280.4   23   317   4   6   361000   0   0
4293.4   24   318   6   4   557000   0   0
4294.4   24   317   6   6   5210000   0   0
4357.5   24   314   6   8   5100000   0   0
4386.8   25   321   2   2   884000   0   0
4393.6   26   321   4   2   1760000   0   0
4436.4   25   320   2   2   2990000   0   0
4436.7   25   319   2   4   751000   0   0
4443.4   26   320   4   2   1410000   0   0
4443.7   26   319   4   4   3810000   0   0
4467.1   25   318   2   4   20400   0   0
4475.4   26   317   4   6   27600   0   0
4653.1   9   63   2   4   240000   0   0
4661.8   9   62   2   2   672000   0   0
4664.2   25   312   2   4   1510000   0   0
4671.2   10   63   4   4   749000   0   0
4672   26   313   4   6   1800000   0   0
4672   26   312   4   4   302000   0   0
4679.9   10   62   4   2   269000   0   0
4916.3   9   51   2   2   808000   0   0
4936.5   10   51   4   2   1760000   0   0
5199.3   1   3   4   4   1.9E-05   0   0
5199.3   1   3   4   4   3.6E-06   0   0
5201.3   14   132   2   2   1870000   0   0
5201.7   1   2   4   6   2.45E-07   0   0
5201.7   1   2   4   6   5.52E-06   0   0
5203.1   14   131   2   4   1870000   0   0
5282.7   11   58   6   6   245000   0   0
5311.9   22   236   4   6   94000   0   0
5330.1   11   55   6   8   205000   0   0
5334.9   22   230   4   4   92800   0   0
5345.5   11   54   6   6   61000   0   0
5348   22   227   4   2   92100   0   0
5355.9   11   53   6   4   10100   0   0
5358.1   12   54   4   6   141000   0   0
5368.5   12   53   4   4   107000   0   0
5374.1   13   53   2   4   83400   0   0
5374.2   12   52   4   2   33300   0   0
5379.8   13   52   2   2   166000   0   0
5473.3   22   217   4   6   139000   0   0
5498.1   22   207   4   4   137000   0   0
5511.7   22   206   4   2   136000   0   0
5513.2   15   147   2   4   129000   0   0
5514.6   15   146   2   2   257000   0   0
5519.6   16   148   4   6   120000   0   0
5520.1   16   147   4   4   205000   0   0
5521.5   16   146   4   2   256000   0   0
5530.9   17   149   6   8   72600   0   0
5531.1   17   148   6   6   292000   0   0
5531.5   17   147   6   4   178000   0   0
5546.5   18   149   8   8   433000   0   0
5546.7   18   148   8   6   95900   0   0
5558.9   15   128   2   4   994000   0   0
5561.9   18   138   8   10   1420000   0   0
5565.8   17   130   6   8   1210000   0   0
5565.8   16   129   4   6   1060000   0   0
5565.9   16   128   4   4   396000   0   0
5577.4   17   129   6   6   342000   0   0
5577.5   17   128   6   4   28100   0   0
5581.6   18   130   8   8   200000   0   0
5593.3   18   129   8   6   13500   0   0
5714.7   22   187   4   2   89400   0   0
5730.9   22   178   4   4   88700   0   0
5733.7   22   177   4   6   88500   0   0
5736   19   147   2   4   447000   0   0
5737.5   19   146   2   2   894000   0   0
5741.5   20   148   4   6   749000   0   0
5742   20   147   4   4   571000   0   0
5743.6   20   146   4   2   178000   0   0
5748.6   22   170   4   6   221000   0   0
5754.1   21   149   6   8   1060000   0   0
5754.2   21   148   6   6   319000   0   0
5754.8   21   147   6   4   53100   0   0
5773.6   22   166   4   4   218000   0   0
5788.4   22   165   4   2   216000   0   0
6001.1   14   72   2   2   3640000   0   0
6010.1   14   71   2   4   3580000   0   0
6188.8   23   151   4   6   9020   0   0
6196   23   150   4   4   121000   0   0
6203.7   22   140   4   2   280000   0   0
6216.1   22   137   4   4   278000   0   0
6218.2   24   151   6   6   125000   0   0
6221.4   22   134   4   6   277000   0   0
6225.5   24   150   6   4   13300   0   0
6239.4   24   145   6   8   281000   0   0
6240.3   23   133   4   6   262000   0   0
6270.2   24   133   6   6   18500   0   0
6277.2   22   125   4   6   375000   0   0
6305.7   22   124   4   4   370000   0   0
6323.3   22   123   4   2   367000   0   0
6400.2   15   85   2   4   395000   0   0
6404.1   15   84   2   2   789000   0   0
6407   16   86   4   6   368000   0   0
6409.4   16   85   4   4   630000   0   0
6413.4   16   84   4   2   786000   0   0
6421.6   17   89   6   8   223000   0   0
6422.4   17   86   6   6   897000   0   0
6424.8   17   85   6   4   547000   0   0
6442.7   18   89   8   8   1330000   0   0
6443.5   18   86   8   6   294000   0   0
6483.5   15   69   2   4   3430000   0   0
6484.5   18   76   8   10   4900000   0   0
6485.5   16   70   4   6   3670000   0   0
6486.6   17   73   6   8   4200000   0   0
6493   16   69   4   4   1370000   0   0
6501.3   17   70   6   6   1180000   0   0
6508.1   18   73   8   8   691000   0   0
6508.8   17   69   6   4   97000   0   0
6522.9   18   70   8   6   46600   0   0
6597.7   25   150   2   4   90800   0   0
6605   26   151   4   6   109000   0   0
6608   16   66   4   6   88700   0   0
6613.2   26   150   4   4   18000   0   0
6624.4   17   66   6   6   793000   0   0
6628.8   15   65   2   4   220000   0   0
6638.8   16   65   4   4   1400000   0   0
6646.8   18   66   8   6   3490000   0   0
6648.3   15   64   2   2   2180000   0   0
6650.1   25   132   2   2   137000   0   0
6653   25   131   2   4   34200   0   0
6655.3   17   65   6   4   2740000   0   0
6658.3   16   64   4   2   2170000   0   0
6665.9   26   132   4   2   67900   0   0
6668.8   26   131   4   4   170000   0   0
6702.3   19   85   2   4   1500000   0   0
6706.7   19   84   2   2   2990000   0   0
6708   20   86   4   6   2510000   0   0
6710.6   20   85   4   4   1910000   0   0
6715   20   84   4   2   596000   0   0
6722.8   19   80   2   2   195000   0   0
6724.5   21   89   6   8   3560000   0   0
6725.3   21   86   6   6   1070000   0   0
6728   21   85   6   4   178000   0   0
6731.1   20   80   4   2   973000   0   0
6735.2   19   77   2   4   485000   0   0
6743.5   20   77   4   4   155000   0   0
6753.9   20   75   4   6   347000   0   0
6761.1   21   77   6   4   518000   0   0
6771.5   21   75   6   6   802000   0   0
6928.6   20   66   4   6   775000   0   0
6947.1   21   66   6   6   1830000   0   0
6953.5   19   65   2   4   1030000   0   0
6962.4   20   65   4   4   467000   0   0
6975   19   64   2   2   383000   0   0
6981.1   21   65   6   4   983000   0   0
6984   20   64   4   2   2040000   0   0
7308.6   23   95   4   6   40300   0   0
7321   23   92   4   4   541000   0   0
7349.6   24   95   6   6   555000   0   0
7353.4   22   80   4   2   1320000   0   0
7362.2   24   92   6   4   59100   0   0
7368.2   22   77   4   4   1310000   0   0
7380.5   22   75   4   6   1300000   0   0
7408.2   23   74   4   6   1520000   0   0
7408.3   24   81   6   8   1630000   0   0
7425.7   6   22   2   4   5950000   0   0
7430.8   23   72   4   2   906000   0   0
7444.3   7   22   4   4   12400000   0   0
7444.7   23   71   4   4   90100   0   0
7450.3   24   74   6   6   107000   0   0
7470.4   8   22   6   4   19300000   0   0
7487.2   24   71   6   4   797000   0   0
7509.7   23   68   4   4   230000   0   0
7548.3   23   67   4   2   2850000   0   0
7553   24   68   6   4   1790000   0   0
7589.7   22   66   4   6   701000   0   0
7630.3   22   65   4   4   690000   0   0
7656.2   22   64   4   2   683000   0   0
7705.6   62   321   2   2   693000   0   0
7729.3   63   321   4   2   1370000   0   0
7888.4   25   92   2   4   686000   0   0
7896.1   26   95   4   6   821000   0   0
7901.2   27   122   6   4   28200000   0   0
7901.5   28   122   4   4   3280000   0   0
7910.6   26   92   4   4   136000   0   0
7917.6   28   121   4   2   31300000   0   0
8107.9   25   68   2   4   236000   0   0
8131.4   26   68   4   4   1170000   0   0
8152.9   25   67   2   2   929000   0   0
8168.5   27   120   6   6   13200000   0   0
8168.8   28   120   4   6   939000   0   0
8176.7   26   67   4   2   460000   0   0
8187.1   7   21   4   6   8580000   0   0
8190.3   6   20   2   4   12700000   0   0
8202.6   6   19   2   2   4950000   0   0
8203.7   27   119   6   4   1390000   0   0
8204   28   119   4   4   12500000   0   0
8213   7   20   4   4   4840000   0   0
8218.6   8   21   6   6   22300000   0   0
8225.4   7   19   4   2   26400000   0   0
8244.7   8   20   6   4   13600000   0   0
8570.1   9   26   2   4   4920000   0   0
8596.4   9   25   2   2   20900000   0   0
8631.6   10   26   4   4   26600000   0   0
8658.1   27   113   6   4   5460000   0   0
8658.3   10   25   4   2   10500000   0   0
8658.5   28   113   4   4   606000   0   0
8669.3   28   111   4   2   6040000   0   0
8682.7   8   18   6   8   24600000   0   0
8685.8   7   17   4   6   18000000   0   0
8688.5   6   16   2   4   10900000   0   0
8705.6   6   15   2   2   21000000   0   0
8714.1   7   16   4   4   12800000   0   0
8721.2   8   17   6   6   6750000   0   0
8731.3   7   15   4   2   3760000   0   0
8749.8   8   16   6   4   1040000   0   0
9031.4   14   35   2   2   30200000   0   0
9048.4   27   107   6   8   28000000   0   0
9052   27   106   6   6   1880000   0   0
9052.4   28   106   4   6   26000000   0   0
9063   14   34   2   4   29500000   0   0
9190   27   105   6   6   24400000   0   0
9190.4   28   105   4   6   1760000   0   0
9210.1   27   104   6   4   2700000   0   0
9210.5   28   104   4   4   23300000   0   0
9363.8   104   322   4   6   951000   0   0
9384.7   105   322   6   6   13600000   0   0
9389.4   9   23   2   4   22400000   0   0
9395.4   10   24   4   6   26300000   0   0
9398.4   14   33   2   4   28200   0   0
9463.3   10   23   4   4   3980000   0   0
9466.8   14   32   2   2   436000   0   0
9533.1   106   322   6   6   13100   0   0
9537.1   107   322   8   6   289000   0   0
9779.6   15   46   2   4   1180000   0   0
9789.5   16   47   4   6   1130000   0   0
9791   15   45   2   2   2990000   0   0
9801.2   16   46   4   4   2750000   0   0
9812.7   16   45   4   2   5300000   0   0
9816.7   17   48   6   8   656000   0   0
9825.4   17   47   6   6   4950000   0   0
9837.3   17   46   6   4   4500000   0   0
9866   18   48   8   8   9620000   0   0
9874.9   18   47   8   6   2970000   0   0
9886.1   15   44   2   2   2930000   0   0
9908.2   16   44   4   2   311000   0   0
9911.9   15   42   2   4   758000   0   0
9934.2   16   42   4   4   3640000   0   0
9949.8   17   43   6   8   1080000   0   0
9968.5   16   41   4   6   760000   0   0
9971.2   17   42   6   4   450000   0   0
9983.2   16   40   4   6   810000   0   0
10000   18   43   8   8   920000   0   0
10006   17   41   6   6   2280000   0   0
10021   17   40   6   6   2260000   0   0
10057   18   41   8   6   1390000   0   0
10108   15   36   2   4   27000000   0   0
10112   16   37   4   6   29300000   0   0
10115   17   38   6   8   33000000   0   0
10117   18   39   8   10   38200000   0   0
10131   16   36   4   4   9890000   0   0
10150   17   37   6   6   7440000   0   0
10168   18   38   8   8   3980000   0   0
10170   17   36   6   4   495000   0   0
10203   18   37   8   6   281000   0   0
10214   104   320   4   2   9100000   0   0
10216   104   319   4   4   848000   0   0
10241   105   319   6   4   8000000   0   0
10379   104   318   4   4   20100000   0   0
10385   104   317   4   6   1470000   0   0
10401   2   5   6   4   0.000978   0   0
10401   2   5   6   4   0.0529   0   0
10401   2   4   6   2   0.0303   0   0
10405   105   318   6   4   2220000   0   0
10410   3   5   4   4   0.00175   0   0
10410   3   5   4   4   0.0226   0   0
10410   3   4   4   2   0.00109   0   0
10410   3   4   4   2   0.0452   0   0
10411   105   317   6   6   20600000   0   0
10503   19   46   2   4   6170000   0   0
10510   20   47   4   6   12500000   0   0
10516   19   45   2   2   18100000   0   0
10523   20   46   4   4   15400000   0   0
10537   20   45   4   2   7280000   0   0
10542   21   48   6   8   23900000   0   0
10553   21   47   6   6   11500000   0   0
10566   21   46   6   4   3300000   0   0
10588   106   318   6   4   2070000   0   0
10594   106   317   6   6   104000   0   0
10599   107   317   8   6   1980000   0   0
10626   19   44   2   2   3390000   0   0
10647   20   44   4   2   4010000   0   0
10656   19   42   2   4   5550000   0   0
10676   111   321   2   2   2260000   0   0
10677   20   42   4   4   257000   0   0
10692   113   321   4   2   4490000   0   0
10716   20   41   4   6   4180000   0   0
10721   21   42   6   4   2290000   0   0
10733   20   40   4   6   1030000   0   0
10761   21   41   6   6   2370000   0   0
10790   105   314   6   8   21600000   0   0
10986   106   314   6   8   371000   0   0
10992   107   314   8   8   10200000   0   0
11183   16   31   4   6   201000   0   0
11230   17   31   6   6   2090000   0   0
11241   15   30   2   4   600000   0   0
11260   122   322   4   6   2920000   0   0
11269   16   30   4   4   4130000   0   0
11295   18   31   8   6   10800000   0   0
11297   15   29   2   2   6920000   0   0
11317   17   30   6   4   9020000   0   0
11326   16   29   4   2   7360000   0   0
11509   104   312   4   4   109000   0   0
11509   104   313   4   6   13100   0   0
11540   105   313   6   6   116000   0   0
11540   105   312   6   4   13700   0   0
11569   11   22   6   4   2080000   0   0
11628   12   22   4   4   1320000   0   0
11655   13   22   2   4   639000   0   0
11766   106   312   6   4   11600000   0   0
11766   106   313   6   6   552000   0   0
11772   107   313   8   6   11000000   0   0
11967   23   50   4   6   54900   0   0
12002   23   49   4   4   5040000   0   0
12078   24   50   6   6   6120000   0   0
12089   121   321   2   2   5220000   0   0
12113   24   49   6   4   753000   0   0
12127   122   321   4   2   10300000   0   0
12133   20   31   4   6   2950000   0   0
12190   21   31   6   6   7110000   0   0
12207   19   30   2   4   4080000   0   0
12232   32   122   2   4   55400   0   0
12235   20   30   4   4   1520000   0   0
12271   32   121   2   2   219000   0   0
12274   19   29   2   2   1430000   0   0
12292   22   44   4   2   13800000   0   0
12293   21   30   6   4   3760000   0   0
12299   61   236   4   6   32800   0   0
12302   20   29   4   2   7410000   0   0
12332   22   42   4   4   12700000   0   0
12348   33   122   4   4   290000   0   0
12385   22   41   4   6   12800000   0   0
12388   33   121   4   2   127000   0   0
12423   61   230   4   4   31900   0   0
12465   23   40   4   6   21600000   0   0
12473   24   43   6   8   22800000   0   0
12473   121   320   2   2   10700000   0   0
12476   121   319   2   4   2670000   0   0
12494   61   227   4   2   31300   0   0
12513   122   320   4   2   5210000   0   0
12516   122   319   4   4   13200000   0   0
12555   27   63   6   4   164000   0   0
12556   28   63   4   4   18200   0   0
12584   24   40   6   6   929000   0   0
12619   28   62   4   2   179000   0   0
12692   29   118   2   4   82800   0   0
12712   23   35   4   2   2450000   0   0
12720   121   318   2   4   140000   0   0
12762   122   318   4   4   20600   0   0
12765   30   118   4   4   163000   0   0
12771   122   317   4   6   169000   0   0
12775   23   34   4   4   547000   0   0
12877   31   118   6   4   238000   0   0
12901   24   34   6   4   2590000   0   0
12973   32   119   2   4   854000   0   0
12980   34   122   4   4   35700   0   0
13014   33   120   4   6   1020000   0   0
13023   34   121   4   2   35300   0   0
13045   35   122   2   4   14100   0   0
13049   29   116   2   4   91700   0   0
13055   30   117   4   6   65900   0   0
13073   29   115   2   2   36500   0   0
13089   35   121   2   2   47100   0   0
13104   33   119   4   4   166000   0   0
13126   30   116   4   4   28800   0   0
13150   30   115   4   2   179000   0   0
13173   31   117   6   6   150000   0   0
13176   27   60   6   6   426000   0   0
13177   28   60   4   6   30400   0   0
13200   61   217   4   6   49200   0   0
13245   31   116   6   4   94700   0   0
13258   29   110   2   4   25400   0   0
13268   30   112   4   6   42500   0   0
13288   31   114   6   8   60500   0   0
13296   29   109   2   2   50300   0   0
13299   27   59   6   4   44400   0   0
13300   28   59   4   4   399000   0   0
13337   30   110   4   4   31900   0   0
13345   61   207   4   4   47600   0   0
13375   30   109   4   2   9880   0   0
13390   31   112   6   6   17700   0   0
13426   61   206   4   2   46700   0   0
13433   9   14   2   2   3440000   0   0
13452   23   33   4   4   491000   0   0
13460   31   110   6   4   2910   0   0
13468   11   21   6   6   536000   0   0
13538   11   20   6   4   314000   0   0
13548   12   21   4   6   199000   0   0
13585   10   14   4   2   6390000   0   0
13591   24   33   6   4   5360000   0   0
13592   23   32   4   2   6630000   0   0
13606   25   49   2   4   11200000   0   0
13619   12   20   4   4   112000   0   0
13628   26   50   4   6   13900000   0   0
13653   12   19   4   2   587000   0   0
13655   13   20   2   4   284000   0   0
13672   26   49   4   4   3020000   0   0
13690   13   19   2   2   108000   0   0
13717   34   120   4   6   98400   0   0
13817   34   119   4   4   16000   0   0
13891   35   119   2   4   79000   0   0
14094   40   120   6   6   20200   0   0
14147   32   113   2   4   15300   0   0
14176   32   111   2   2   61000   0   0
14199   40   119   6   4   416000   0   0
14236   43   120   8   6   393000   0   0
14303   33   113   4   4   74200   0   0
14317   22   31   4   6   1330000   0   0
14332   33   111   4   2   29500   0   0
14459   22   30   4   4   1180000   0   0
14459   32   108   2   2   65000   0   0
14459   121   312   2   4   5230000   0   0
14513   122   313   4   6   6200000   0   0
14513   122   312   4   4   1040000   0   0
14527   25   35   2   2   2310000   0   0
14553   22   29   4   2   1100000   0   0
14602   26   35   4   2   1140000   0   0
14609   25   34   2   4   706000   0   0
14621   33   108   4   2   126000   0   0
14685   26   34   4   4   1750000   0   0
14698   61   187   4   2   180000   0   0
14761   11   18   6   8   996000   0   0
14805   61   178   4   4   176000   0   0
14824   61   177   4   6   176000   0   0
14873   11   17   6   6   280000   0   0
14923   61   170   4   6   78300   0   0
14956   11   16   6   4   44600   0   0
14971   12   17   4   6   667000   0   0
14978   41   118   6   4   182000   0   0
15055   12   16   4   4   485000   0   0
15057   42   118   4   4   119000   0   0
15093   61   166   4   4   75700   0   0
15099   13   16   2   4   387000   0   0
15106   12   15   4   2   147000   0   0
15117   44   118   2   4   59000   0   0
15151   13   15   2   2   751000   0   0
15157   34   113   4   4   41800   0   0
15190   34   111   4   2   16600   0   0
15195   61   165   4   2   74200   0   0
15203   37   114   6   8   623   0   0
15246   35   113   2   4   8210   0   0
15279   35   111   2   2   32600   0   0
15281   38   114   8   8   12100   0   0
15291   36   112   4   6   1130   0   0
15335   37   112   6   6   20400   0   0
15381   41   117   6   6   43000   0   0
15382   36   110   4   4   23200   0   0
15396   39   114   10   8   103000   0   0
15415   38   112   8   6   94200   0   0
15427   37   110   6   4   92500   0   0
15433   36   109   4   2   115000   0   0
15463   42   117   4   6   18100   0   0
15479   41   116   6   4   27100   0   0
15500   25   33   2   4   1120000   0   0
15562   42   116   4   4   7910   0   0
15587   26   33   4   4   5050000   0   0
15596   42   115   4   2   49100   0   0
15626   44   116   2   4   24400   0   0
15660   44   115   2   2   9700   0   0
15683   32   104   2   4   86600   0   0
15687   25   32   2   2   3590000   0   0
15775   26   32   4   2   1680000   0   0
15796   46   117   4   6   1940   0   0
15798   51   132   2   2   1290000   0   0
15815   51   131   2   4   1280000   0   0
15815   33   105   4   6   91700   0   0
15827   47   117   6   6   17300   0   0
15850   48   117   8   6   76800   0   0
15870   45   116   2   4   4780   0   0
15874   33   104   4   4   13200   0   0
15900   46   116   4   4   30400   0   0
15905   45   115   2   2   47500   0   0
15931   47   116   6   4   59500   0   0
15935   46   115   4   2   47200   0   0
16259   52   147   2   4   108000   0   0
16271   52   146   2   2   215000   0   0
16307   53   148   4   6   99600   0   0
16311   53   147   4   4   171000   0   0
16324   53   146   4   2   213000   0   0
16362   52   140   2   2   76800   0   0
16403   54   149   6   8   59800   0   0
16404   54   148   6   6   240000   0   0
16408   54   147   6   4   147000   0   0
16411   49   113   4   4   10900   0   0
16415   53   140   4   2   76000   0   0
16449   52   137   2   4   7560   0   0
16450   49   111   4   2   109000   0   0
16476   50   113   6   4   97200   0   0
16503   53   137   4   4   47900   0   0
16540   53   134   4   6   2970   0   0
16550   55   149   8   8   350000   0   0
16551   55   148   8   6   77600   0   0
16601   54   137   6   4   92600   0   0
16639   54   134   6   6   26300   0   0
16663   52   128   2   4   985000   0   0
16687   55   138   8   10   1400000   0   0
16713   54   130   6   8   1200000   0   0
16717   53   129   4   6   1050000   0   0
16718   53   128   4   4   390000   0   0
16790   55   134   8   6   114000   0   0
16818   54   129   6   6   333000   0   0
16819   54   128   6   4   27400   0   0
16865   34   105   4   6   41600   0   0
16866   55   130   8   8   193000   0   0
16867   56   147   2   4   444000   0   0
16880   56   146   2   2   886000   0   0
16907   57   148   4   6   741000   0   0
16912   57   147   4   4   564000   0   0
16925   57   146   4   2   176000   0   0
16933   34   104   4   4   11300   0   0
16973   55   129   8   6   12900   0   0
16979   56   140   2   2   60100   0   0
17023   57   140   4   2   298000   0   0
17024   58   149   6   8   1040000   0   0
17025   58   148   6   6   311000   0   0
17030   58   147   6   4   51800   0   0
17044   35   104   2   4   29300   0   0
17072   56   137   2   4   148000   0   0
17117   57   137   4   4   46900   0   0
17157   57   134   4   6   105000   0   0
17239   58   137   6   4   155000   0   0
17279   58   134   6   6   239000   0   0
17352   59   151   4   6   19100   0   0
17409   59   150   4   4   255000   0   0
17566   60   151   6   6   257000   0   0
17624   60   150   6   4   27300   0   0
17736   60   145   6   8   923000   0   0
17763   59   133   4   6   858000   0   0
17778   59   132   4   2   352000   0   0
17799   59   131   4   4   35100   0   0
17988   60   133   6   6   59000   0   0
18025   60   131   6   4   304000   0   0
18433   49   105   4   6   6220   0   0
18434   61   140   4   2   504000   0   0
18514   49   104   4   4   59400   0   0
18515   50   105   6   6   69200   0   0
18545   61   137   4   4   495000   0   0
18591   61   134   4   6   491000   0   0
18732   62   150   2   4   431000   0   0
18806   63   151   4   6   511000   0   0
18872   63   150   4   4   84200   0   0
19099   61   125   4   6   137000   0   0
19365   61   124   4   4   131000   0   0
19532   61   123   4   2   128000   0   0
19686   111   284   2   2   7610   0   0
19742   113   284   4   2   15100   0   0
24538   118   236   4   6   16600   0   0
25037   118   230   4   4   15700   0   0
25097   121   284   2   2   29900   0   0
25260   122   284   4   2   58600   0   0
25328   118   227   4   2   15100   0   0
26157   29   61   2   4   729000   0   0
26466   30   61   4   4   1410000   0   0
26544   51   72   2   2   4120000   0   0
26721   51   71   2   4   4040000   0   0
26953   31   61   6   4   2000000   0   0
27497   52   85   2   4   395000   0   0
27571   52   84   2   2   783000   0   0
27601   53   86   4   6   364000   0   0
27646   53   85   4   4   622000   0   0
27720   53   84   4   2   771000   0   0
27845   52   80   2   2   234000   0   0
27865   54   89   6   8   216000   0   0
27879   54   86   6   6   869000   0   0
27925   54   85   6   4   528000   0   0
27998   53   80   4   2   230000   0   0
28058   52   77   2   4   22900   0   0
28214   53   77   4   4   144000   0   0
28292   55   89   8   8   1240000   0   0
28307   55   86   8   6   275000   0   0
28396   53   75   4   6   8840   0   0
28410   118   217   4   6   25400   0   0
28504   54   77   6   4   275000   0   0
28690   54   75   6   6   77100   0   0
28707   32   63   2   4   769000   0   0
29039   32   62   2   2   2970000   0   0
29089   118   207   4   4   23700   0   0
29104   52   69   2   4   3990000   0   0
29115   55   76   8   10   5700000   0   0
29120   53   70   4   6   4270000   0   0
29130   54   73   6   8   4880000   0   0
29143   55   75   8   6   327000   0   0
29271   53   69   4   4   1570000   0   0
29283   56   85   2   4   1810000   0   0
29354   33   63   4   4   3600000   0   0
29366   57   86   4   6   3010000   0   0
29366   56   84   2   2   3580000   0   0
29417   57   85   4   4   2280000   0   0
29430   54   70   6   6   1340000   0   0
29476   118   206   4   2   22800   0   0
29501   57   84   4   2   707000   0   0
29584   54   69   6   4   109000   0   0
29598   55   73   8   8   773000   0   0
29643   29   57   2   4   1720000   0   0
29674   30   58   4   6   1240000   0   0
29678   56   80   2   2   289000   0   0
29701   33   62   4   2   1390000   0   0
29708   58   89   6   8   4150000   0   0
29724   58   86   6   6   1240000   0   0
29776   58   85   6   4   206000   0   0
29780   29   56   2   2   679000   0   0
29815   57   80   4   2   1420000   0   0
29906   55   70   8   6   50800   0   0
29920   56   77   2   4   705000   0   0
30040   30   57   4   4   529000   0   0
30060   57   77   4   4   222000   0   0
30181   30   56   4   2   3260000   0   0
30267   57   75   4   6   490000   0   0
30288   31   58   6   6   2710000   0   0
30419   59   95   4   6   86800   0   0
30435   58   77   6   4   723000   0   0
30635   59   92   4   4   1150000   0   0
30648   58   75   6   6   1100000   0   0
30670   31   57   6   4   1680000   0   0
31084   60   95   6   6   1140000   0   0
31309   60   92   6   4   119000   0   0
31687   29   53   2   4   1310000   0   0
31763   53   66   4   6   58900   0   0
31773   30   54   4   6   2180000   0   0
31886   29   52   2   2   2570000   0   0
31917   31   55   6   8   3070000   0   0
32132   54   66   6   6   512000   0   0
32142   30   53   4   4   1600000   0   0
32161   60   81   6   8   4720000   0   0
32222   59   74   4   6   4380000   0   0
32281   52   65   2   4   140000   0   0
32346   30   52   4   2   492000   0   0
32478   31   54   6   6   874000   0   0
32487   53   65   4   4   881000   0   0
32654   59   72   4   2   1000000   0   0
32701   55   66   8   6   2160000   0   0
32749   52   64   2   2   1340000   0   0
32864   31   53   6   4   141000   0   0
32872   54   65   6   4   1670000   0   0
32917   32   59   2   4   2120000   0   0
32924   59   71   4   4   97900   0   0
32961   53   64   4   2   1320000   0   0
32968   60   74   6   6   292000   0   0
32987   33   60   4   6   2530000   0   0
33192   34   63   4   4   20200   0   0
33622   35   63   2   4   3880   0   0
33636   34   62   4   2   7750   0   0
33704   60   71   6   4   821000   0   0
33771   33   59   4   4   393000   0   0
34078   35   62   2   2   14900   0   0
34122   57   66   4   6   699000   0   0
34234   59   68   4   4   203000   0   0
34431   61   80   4   2   2640000   0   0
34607   58   66   6   6   1560000   0   0
34757   61   77   4   4   2560000   0   0
34768   23   28   4   4   12200   0   0
34770   56   65   2   4   917000   0   0
34774   23   27   4   6   995   0   0
34959   57   65   4   4   289000   0   0
34983   62   92   2   4   2650000   0   0
35034   61   75   4   6   2500000   0   0
35052   59   67   4   2   1890000   0   0
35079   60   68   6   4   1700000   0   0
35187   63   95   4   6   3130000   0   0
35314   56   64   2   2   350000   0   0
35468   58   65   6   4   934000   0   0
35477   63   92   4   4   509000   0   0
35509   57   64   4   2   1720000   0   0
35716   24   28   6   4   1360   0   0
35722   24   27   6   6   11900   0   0
36388   118   187   4   2   195000   0   0
37056   118   178   4   4   184000   0   0
37172   118   177   4   6   183000   0   0
37640   62   72   2   2   273000   0   0
37805   118   170   4   6   42600   0   0
37913   34   60   4   6   257000   0   0
37999   62   71   2   4   66500   0   0
38160   41   61   6   4   949000   0   0
38213   63   72   4   2   131000   0   0
38583   63   71   4   4   317000   0   0
38671   42   61   4   4   608000   0   0
38914   118   166   4   4   39000   0   0
38951   34   59   4   4   39500   0   0
39070   44   61   2   4   295000   0   0
39545   35   59   2   4   189000   0   0
39599   118   165   4   2   37000   0   0
39756   62   68   2   4   414000   0   0
39866   49   63   4   4   97400   0   0
40248   50   63   6   4   852000   0   0
40306   61   66   4   6   302000   0   0
40395   63   68   4   4   1970000   0   0
40509   49   62   4   2   929000   0   0
40862   62   67   2   2   1520000   0   0
40938   40   60   6   6   46900   0   0
41241   104   151   4   6   20500   0   0
41478   61   65   4   4   277000   0   0
41538   63   67   4   2   725000   0   0
41563   104   150   4   4   271000   0   0
41650   105   151   6   6   279000   0   0
41978   105   150   6   4   29200   0   0
42151   40   59   6   4   902000   0   0
42163   43   60   8   6   858000   0   0
42255   61   64   4   2   262000   0   0
42619   105   145   6   8   1310000   0   0
42864   32   51   2   2   268000   0   0
43640   104   133   4   6   1140000   0   0
43735   104   132   4   2   265000   0   0
43781   67   122   2   4   63400   0   0
43860   104   131   4   4   26200   0   0
44098   105   133   6   6   79000   0   0
44281   67   121   2   2   245000   0   0
44323   105   131   6   4   229000   0   0
44323   33   51   4   2   485000   0   0
45127   68   122   4   4   290000   0   0
45209   41   58   6   6   88500   0   0
45658   68   121   4   2   112000   0   0
45755   37   55   6   8   4210   0   0
45928   42   58   4   6   36200   0   0
46063   41   57   6   4   53800   0   0
46475   38   55   8   8   79000   0   0
46505   36   54   4   6   7370   0   0
46810   42   57   4   4   15200   0   0
46877   49   60   4   6   9200   0   0
46918   37   54   6   6   131000   0   0
47153   42   56   4   2   92800   0   0
47299   36   53   4   4   147000   0   0
47395   44   57   2   4   45700   0   0
47407   50   60   6   6   125000   0   0
47554   39   55   10   8   647000   0   0
47626   71   122   4   4   3230   0   0
47676   38   54   8   6   587000   0   0
47726   37   53   6   4   576000   0   0
47742   36   52   4   2   716000   0   0
47747   44   56   2   2   17900   0   0
48202   72   122   2   4   623   0   0
48218   71   121   4   2   1240   0   0
48475   49   59   4   4   112000   0   0
48808   72   121   2   2   2400   0   0
48935   41   55   6   8   48800   0   0
49000   46   58   4   6   12500   0   0
49042   50   59   6   4   12100   0   0
49297   47   58   6   6   111000   0   0
49518   48   58   8   6   485000   0   0
49710   45   57   2   4   29900   0   0
50006   46   57   4   4   188000   0   0
50097   45   56   2   2   293000   0   0
50268   41   54   6   6   13500   0   0
50315   47   57   6   4   364000   0   0
50398   46   56   4   2   287000   0   0
51158   42   54   4   6   29900   0   0
51197   41   53   6   4   2130   0   0
52121   42   53   4   4   21600   0   0
52659   42   52   4   2   6530   0   0
52806   25   28   2   4   2340   0   0
52848   44   53   2   4   16200   0   0
53397   92   122   4   4   12400   0   0
53401   44   52   2   2   31300   0   0
53696   34   51   4   2   688000   0   0
53761   47   55   6   8   14200   0   0
53819   26   28   4   4   492   0   0
53833   26   27   4   6   2570   0   0
54024   48   55   8   8   84300   0   0
54067   95   122   6   4   108000   0   0
54143   92   121   4   2   119000   0   0
54831   35   51   2   2   323000   0   0
55000   46   54   4   6   21700   0   0
55025   67   119   2   4   552000   0   0
55374   47   54   6   6   52300   0   0
55501   68   120   4   6   645000   0   0
55653   48   54   8   6   17100   0   0
55742   45   53   2   4   22400   0   0
56115   46   53   4   4   35100   0   0
56358   45   52   2   2   43300   0   0
56504   47   53   6   4   30100   0   0
56641   109   147   2   4   114000   0   0
56739   46   52   4   2   42400   0   0
56788   109   146   2   2   226000   0   0
57168   68   119   4   4   98400   0   0
57252   108   132   2   2   1090000   0   0
57291   110   148   4   6   103000   0   0
57342   110   147   4   4   176000   0   0
57467   108   131   2   4   1070000   0   0
57493   110   146   4   2   218000   0   0
57719   113   151   4   6   1150000   0   0
57863   111   150   2   4   951000   0   0
57914   109   140   2   2   70900   0   0
58350   113   150   4   4   186000   0   0
58580   112   149   6   8   58800   0   0
58596   112   148   6   6   236000   0   0
58647   110   140   4   2   68300   0   0
58649   112   147   6   4   144000   0   0
59016   109   137   2   4   6700   0   0
59202   64   118   2   4   164000   0   0
59330   71   120   4   6   169000   0   0
59778   110   137   4   4   41300   0   0
60266   110   134   4   6   2520   0   0
60598   114   149   8   8   319000   0   0
60615   114   148   8   6   70700   0   0
60796   65   118   4   4   302000   0   0
61069   115   147   2   4   500000   0   0
61199   112   137   6   4   75700   0   0
61239   71   119   4   4   25600   0   0
61241   115   146   2   2   993000   0   0
61539   116   148   4   6   822000   0   0
61598   116   147   4   4   624000   0   0
61712   112   134   6   6   21100   0   0
61755   74   120   6   6   21800   0   0
61772   116   146   4   2   193000   0   0
61866   109   128   2   4   1060000   0   0
62161   111   132   2   2   78200   0   0
62194   72   119   2   4   122000   0   0
62415   111   131   2   4   19300   0   0
62482   114   138   8   10   1470000   0   0
62552   115   140   2   2   74200   0   0
62689   110   129   4   6   1090000   0   0
62704   110   128   4   4   408000   0   0
62724   113   132   4   2   38100   0   0
62747   112   130   6   8   1250000   0   0
62982   113   131   4   4   94000   0   0
63106   116   140   4   2   362000   0   0
63120   117   149   6   8   1090000   0   0
63138   117   148   6   6   326000   0   0
63200   117   147   6   4   54200   0   0
63504   66   118   6   4   398000   0   0
63826   74   119   6   4   415000   0   0
63840   115   137   2   4   175000   0   0
63956   114   134   8   6   84200   0   0
64255   112   129   6   6   329000   0   0
64269   112   128   6   4   27000   0   0
64417   116   137   4   4   54400   0   0
64803   81   120   8   6   377000   0   0
64985   116   134   4   6   119000   0   0
65068   114   130   8   8   186000   0   0
66172   117   137   6   4   169000   0   0
66691   114   129   8   6   11700   0   0
66771   117   134   6   6   256000   0   0
67870   64   116   2   4   457000   0   0
68014   65   117   4   6   327000   0   0
68523   64   115   2   2   178000   0   0
68560   92   120   4   6   4620   0   0
69669   95   120   6   6   61700   0   0
69973   65   116   4   4   134000   0   0
70668   65   115   4   2   810000   0   0
71122   92   119   4   4   55900   0   0
71422   66   117   6   6   659000   0   0
72316   95   119   6   4   5910   0   0
73051   118   140   4   2   726000   0   0
73584   66   116   6   4   387000   0   0
73914   64   110   2   4   311000   0   0
74212   65   112   4   6   516000   0   0
74814   118   137   4   4   676000   0   0
74951   66   114   6   8   715000   0   0
75113   64   109   2   2   592000   0   0
75581   118   134   4   6   656000   0   0
76415   65   110   4   4   360000   0   0
77697   65   109   4   2   107000   0   0
78287   66   112   6   6   188000   0   0
80743   66   110   6   4   28600   0   0
83237   75   118   6   4   404000   0   0
84744   118   125   4   6   99300   0   0
84843   77   118   4   4   255000   0   0
84922   67   113   2   4   88200   0   0
85975   67   111   2   2   340000   0   0
86854   80   118   2   4   119000   0   0
90136   68   113   4   4   369000   0   0
90233   118   124   4   4   82300   0   0
91323   68   111   4   2   142000   0   0
91512   119   151   4   6   10200   0   0
93110   119   150   4   4   130000   0   0
93976   118   123   4   2   72800   0   0
95376   70   114   6   8   2040   0   0
96135   120   151   6   6   123000   0   0
97388   75   117   6   6   37200   0   0
97543   67   108   2   2   35500   0   0
97900   120   150   6   4   12500   0   0
98660   73   114   8   8   36200   0   0
99072   69   112   4   6   3340   0   0
99594   77   117   4   6   14900   0   0
100690   71   113   4   4   825   0   0
100850   70   112   6   6   57900   0   0
101450   75   116   6   4   21200   0   0
101460   120   145   6   8   452000   0   0
102170   71   111   4   2   316   0   0
103040   69   110   4   4   62400   0   0
103300   72   113   2   4   153   0   0
103850   77   116   4   4   5850   0   0
104070   75   114   6   8   22400   0   0
104230   119   133   4   6   389000   0   0
104420   76   114   10   8   268000   0   0
104490   68   108   4   2   57700   0   0
104520   73   112   8   6   244000   0   0
104770   119   132   4   2   150000   0   0
104860   72   111   2   2   585   0   0
104960   70   110   6   4   237000   0   0
105380   69   109   4   2   292000   0   0
105390   77   115   4   2   35000   0   0
105490   119   131   4   4   14700   0   0
106880   80   116   2   4   16800   0   0
107370   85   117   4   6   5130   0   0
108060   86   117   6   6   45300   0   0
108270   89   117   8   6   200000   0   0
108510   80   115   2   2   6410   0   0
110260   120   133   6   6   23500   0   0
110610   75   112   6   6   5580   0   0
111130   84   116   2   4   11600   0   0
111680   120   131   6   4   111000   0   0
112340   85   116   4   4   71700   0   0
112890   84   115   2   2   110000   0   0
113090   86   116   6   4   138000   0   0
113470   77   112   4   6   12100   0   0
114140   85   115   4   2   107000   0   0
115580   75   110   6   4   816   0   0
116340   86   114   6   8   6100   0   0
116600   89   114   8   8   36500   0   0
118700   77   110   4   4   8030   0   0
118930   71   108   4   2   289000   0   0
121830   77   109   4   2   2320   0   0
122590   72   108   2   2   132000   0   0
122680   80   110   2   4   5690   0   0
123680   85   112   4   6   8320   0   0
124590   86   112   6   6   20000   0   0
124880   89   112   8   6   6580   0   0
126020   80   109   2   2   10500   0   0
128310   84   110   2   4   7980   0   0
129920   85   110   4   4   12300   0   0
130510   92   113   4   4   11800   0   0
130920   86   110   6   4   10500   0   0
131970   84   109   2   2   14700   0   0
133010   92   111   4   2   111000   0   0
133670   85   109   4   2   14100   0   0
134580   95   113   6   4   96600   0   0
157970   121   150   2   4   60600   0   0
159740   122   151   4   6   70300   0   0
164680   122   150   4   4   10700   0   0
194720   121   132   2   2   899   0   0
197230   121   131   2   4   216   0   0
205020   122   132   4   2   385   0   0
206040   67   104   2   4   13700   0   0
207800   122   131   4   4   924   0   0
226750   68   105   4   6   12400   0   0
239680   68   104   4   4   1740   0   0
307940   71   105   4   6   1660   0   0
332290   71   104   4   4   221   0   0
362490   72   104   2   4   850   0   0
386780   74   105   6   6   180   0   0
425990   74   104   6   4   2840   0   0
548280   81   105   8   6   1270   0   0
