580
5   0   1   2   0.0
3   158.26   2   2   0.0
1   226.98   3   2   0.0
5   15868   4   2   0.0
1   33793   5   2   0.0
5   73768   6   3   0.0
3   76795   7   3   0.0
3   86626   8   3   0.0
5   86628   9   3   0.0
7   86631   10   3   0.0
3   88631   11   3   0.0
5   88631   12   3   0.0
1   88631   13   3   0.0
5   95477   14   4   0.0
3   96225   15   4   0.0
9   97421   16   3   0.0
7   97421   17   3   0.0
5   97421   18   3   0.0
3   97421   19   3   0.0
1   97421   20   3   0.0
3   97488   21   3   0.0
5   97488   22   3   0.0
7   97489   23   3   0.0
3   99093   24   4   0.0
5   99094   25   4   0.0
7   99095   26   4   0.0
3   99681   27   4   0.0
5   99681   28   4   0.0
1   99681   29   4   0.0
7   101140   30   3   0.0
5   101150   31   3   0.0
3   101160   32   3   0.0
5   102120   33   5   0.0
3   102410   34   5   0.0
5   102660   35   3   0.0
9   102870   36   4   0.0
7   102870   37   4   0.0
5   102870   38   4   0.0
3   102870   39   4   0.0
1   102870   40   4   0.0
7   102910   41   4   0.0
5   102910   42   4   0.0
3   102910   43   4   0.0
11   102970   44   4   0.0
9   102970   45   4   0.0
7   102970   46   4   0.0
5   102970   47   4   0.0
3   102970   48   4   0.0
7   102970   49   4   0.0
5   102970   50   4   0.0
9   102970   51   4   0.0
3   103630   52   5   0.0
5   103630   53   5   0.0
7   103630   54   5   0.0
5   103870   55   5   0.0
3   103870   56   5   0.0
1   103870   57   5   0.0
5   105020   58   6   0.0
3   105170   59   6   0.0
9   105390   60   5   0.0
7   105390   61   5   0.0
5   105390   62   5   0.0
3   105390   63   5   0.0
1   105390   64   5   0.0
5   105410   65   5   0.0
7   105410   66   5   0.0
3   105410   67   5   0.0
5   105440   68   5   0.0
9   105440   69   5   0.0
3   105440   70   5   0.0
7   105440   71   5   0.0
11   105440   72   5   0.0
9   105440   73   5   0.0
5   105440   74   5   0.0
7   105440   75   5   0.0
3   105790   76   6   0.0
5   105790   77   6   0.0
7   105790   78   6   0.0
1   105910   79   6   0.0
5   105910   80   6   0.0
3   105910   81   6   0.0
5   106550   82   7   0.0
3   106630   83   7   0.0
9   106750   84   6   0.0
7   106750   85   6   0.0
5   106750   86   6   0.0
3   106750   87   6   0.0
1   106750   88   6   0.0
3   106770   89   6   0.0
5   106770   90   6   0.0
7   106770   91   6   0.0
9   106790   92   6   0.0
7   106790   93   6   0.0
5   106790   94   6   0.0
3   106790   95   6   0.0
11   106790   96   6   0.0
7   106790   97   6   0.0
5   106790   98   6   0.0
9   106790   99   6   0.0
13   106790   100   2   0.0
7   106790   101   2   0.0
11   106790   102   2   0.0
9   106790   103   2   0.0
7   106790   104   2   0.0
9   106790   105   2   0.0
11   106790   106   2   0.0
5   106790   107   2   0.0
5   107450   108   8   0.0
3   107500   109   8   0.0
9   107570   110   7   0.0
7   107570   111   7   0.0
5   107570   112   7   0.0
3   107570   113   7   0.0
1   107570   114   7   0.0
5   107580   115   7   0.0
3   107580   116   7   0.0
7   107580   117   7   0.0
11   107600   118   7   0.0
3   107600   119   7   0.0
7   107600   120   7   0.0
5   107600   121   7   0.0
9   107600   122   7   0.0
9   107600   123   7   0.0
7   107600   124   7   0.0
5   107600   125   7   0.0
5   108020   126   9   0.0
3   108060   127   9   0.0
9   108110   128   8   0.0
7   108110   129   8   0.0
5   108110   130   8   0.0
3   108110   131   8   0.0
1   108110   132   8   0.0
5   108110   133   8   0.0
3   108110   134   8   0.0
7   108110   135   8   0.0
5   108410   136   10   0.0
3   108440   137   10   0.0
7   108470   138   9   0.0
1   108470   139   9   0.0
9   108470   140   9   0.0
5   108470   141   9   0.0
3   108470   142   9   0.0
3   108480   143   9   0.0
5   108480   144   9   0.0
7   108480   145   9   0.0
3   108710   146   11   0.0
1   108730   147   10   0.0
3   108730   148   10   0.0
5   108730   149   10   0.0
7   108730   150   10   0.0
9   108730   151   10   0.0
7   108740   152   10   0.0
5   108740   153   10   0.0
3   108740   154   10   0.0
3   108910   155   12   0.0
5   108930   156   11   0.0
3   108930   157   11   0.0
7   108930   158   11   0.0
3   109060   159   13   0.0
7   109070   160   12   0.0
3   109070   161   12   0.0
5   109070   162   12   0.0
3   109170   163   14   0.0
7   109190   164   13   0.0
3   109190   165   13   0.0
5   109190   166   13   0.0
3   109270   167   15   0.0
5   109280   168   14   0.0
7   109280   169   14   0.0
3   109280   170   14   0.0
3   109340   171   16   0.0
3   109350   172   15   0.0
5   109350   173   15   0.0
7   109350   174   15   0.0
3   109400   175   17   0.0
7   109410   176   16   0.0
5   109410   177   16   0.0
3   109410   178   16   0.0
3   109450   179   18   0.0
3   109460   180   17   0.0
7   109460   181   17   0.0
5   109460   182   17   0.0
3   109490   183   18   0.0
5   109500   184   18   0.0
3   109500   185   19   0.0
7   109500   186   18   0.0
3   109530   187   19   0.0
5   109530   188   19   0.0
7   109530   189   19   0.0
3   109530   190   10   0.0
3   109560   191   10   0.0
7   109560   192   10   0.0
5   109560   193   10   0.0
3   109560   194   11   0.0
3   109590   195   12   0.0
7   109590   196   11   0.0
5   109590   197   11   0.0
3   109590   198   11   0.0
3   109610   199   13   0.0
3   109610   200   12   0.0
5   109610   201   12   0.0
7   109610   202   12   0.0
5   109630   203   13   0.0
3   109630   204   13   0.0
3   109630   205   14   0.0
7   109630   206   13   0.0
7   109650   207   14   0.0
3   109650   208   14   0.0
5   109650   209   14   0.0
3   109650   210   15   0.0
3   109660   211   15   0.0
7   109660   212   15   0.0
3   109660   213   16   0.0
5   109660   214   15   0.0
7   109670   215   16   0.0
3   109670   216   16   0.0
3   109670   217   17   0.0
5   109670   218   16   0.0
7   109690   219   17   0.0
3   109690   220   18   0.0
5   109690   221   17   0.0
3   109690   222   17   0.0
7   109700   223   18   0.0
3   109700   224   19   0.0
5   109700   225   18   0.0
3   109700   226   18   0.0
7   109710   227   19   0.0
3   109710   228   19   0.0
3   109710   229   10   0.0
5   109710   230   19   0.0
5   109710   231   10   0.0
3   109710   232   11   0.0
7   109710   233   10   0.0
3   109710   234   10   0.0
3   113200   235   3   0.0
7   113290   236   3   0.0
5   113290   237   3   0.0
3   113300   238   3   0.0
9   113710   239   3   0.0
7   113720   240   3   0.0
5   113730   241   3   0.0
5   113910   242   3   0.0
3   113920   243   3   0.0
1   113930   244   3   0.0
7   114000   245   3   0.0
3   115920   246   3   0.0
5   116630   247   3   0.0
7   122420   248   4   0.0
5   122430   249   4   0.0
3   122440   250   4   0.0
5   122800   251   4   0.0
5   123300   252   3   0.0
3   123360   253   3   0.0
1   123390   254   3   0.0
9   124210   255   3   0.0
7   124220   256   3   0.0
5   124220   257   3   0.0
9   124240   258   3   0.0
11   124240   259   3   0.0
1   124240   260   3   0.0
7   124250   261   3   0.0
7   124250   262   3   0.0
5   124260   263   3   0.0
9   124260   264   3   0.0
3   124260   265   3   0.0
3   124270   266   3   0.0
5   124320   267   3   0.0
7   124330   268   3   0.0
3   124340   269   3   0.0
7   125780   270   4   0.0
3   125780   271   4   0.0
5   125780   272   4   0.0
5   126270   273   2   0.0
3   126340   274   2   0.0
1   126380   275   2   0.0
7   127280   276   3   0.0
5   127290   277   3   0.0
3   127290   278   3   0.0
3   127670   279   3   0.0
5   128590   280   3   0.0
7   128980   281   5   0.0
5   128990   282   5   0.0
3   129000   283   5   0.0
5   129130   284   5   0.0
9   129670   285   4   0.0
9   129680   286   4   0.0
11   129680   287   4   0.0
1   129680   288   4   0.0
3   129680   289   4   0.0
7   129690   290   4   0.0
7   129690   291   4   0.0
5   129700   292   4   0.0
9   129700   293   4   0.0
3   129700   294   4   0.0
5   129730   295   4   0.0
3   129740   296   4   0.0
7   129740   297   4   0.0
11   129780   298   4   0.0
11   129780   299   4   0.0
13   129780   300   4   0.0
11   129800   301   4   0.0
5   129970   302   4   0.0
3   129980   303   4   0.0
1   129980   304   4   0.0
1   130940   305   3   0.0
7   131850   306   6   0.0
5   131870   307   6   0.0
3   131880   308   6   0.0
5   131940   309   6   0.0
9   132190   310   5   0.0
9   132200   311   5   0.0
11   132200   312   5   0.0
3   132200   313   5   0.0
7   132200   314   5   0.0
5   132210   315   5   0.0
9   132220   316   5   0.0
3   132220   317   5   0.0
3   132230   318   5   0.0
5   132240   319   5   0.0
7   132240   320   5   0.0
5   132310   321   5   0.0
3   132320   322   5   0.0
7   133370   323   7   0.0
5   133380   324   7   0.0
3   133390   325   7   0.0
5   133420   326   7   0.0
7   133570   327   6   0.0
5   133570   328   6   0.0
3   133570   329   6   0.0
3   133570   330   6   0.0
3   133580   331   6   0.0
5   133590   332   6   0.0
7   133590   333   6   0.0
5   133620   334   6   0.0
3   133630   335   6   0.0
7   134270   336   8   0.0
5   134270   337   8   0.0
3   134290   338   8   0.0
5   134300   339   8   0.0
7   134380   340   7   0.0
5   134380   341   7   0.0
3   134380   342   7   0.0
3   134390   343   7   0.0
3   134400   344   7   0.0
5   134410   345   7   0.0
7   134410   346   7   0.0
5   134420   347   7   0.0
3   134430   348   7   0.0
7   134840   349   9   0.0
5   134840   350   9   0.0
5   134870   351   9   0.0
7   134920   352   8   0.0
3   134920   353   8   0.0
3   134920   354   8   0.0
5   134920   355   8   0.0
3   134920   356   8   0.0
5   134940   357   8   0.0
7   134940   358   8   0.0
5   134940   359   8   0.0
3   134950   360   8   0.0
5   135230   361   10   0.0
7   135230   362   10   0.0
5   135250   363   10   0.0
5   135280   364   9   0.0
3   135280   365   9   0.0
3   135280   366   9   0.0
7   135280   367   9   0.0
3   135280   368   9   0.0
5   135300   369   9   0.0
5   135300   370   9   0.0
7   135300   371   9   0.0
3   135300   372   9   0.0
7   135500   373   11   0.0
7   135540   374   10   0.0
3   135540   375   10   0.0
5   135540   376   10   0.0
3   135540   377   10   0.0
3   135540   378   10   0.0
5   135560   379   10   0.0
3   135560   380   10   0.0
7   135560   381   10   0.0
5   135560   382   10   0.0
5   135680   383   4   0.0
1   135680   384   4   0.0
3   135680   385   4   0.0
7   135700   386   12   0.0
5   135720   387   12   0.0
5   135730   388   11   0.0
3   135730   389   11   0.0
7   135730   390   11   0.0
3   135730   391   11   0.0
3   135740   392   11   0.0
3   135750   393   11   0.0
5   135750   394   11   0.0
7   135760   395   11   0.0
5   135760   396   11   0.0
7   135850   397   13   0.0
5   135880   398   12   0.0
3   135880   399   12   0.0
3   135880   400   12   0.0
7   135880   401   12   0.0
3   135890   402   12   0.0
3   135900   403   12   0.0
5   135900   404   12   0.0
7   135900   405   12   0.0
5   135900   406   12   0.0
3   135990   407   13   0.0
7   135990   408   13   0.0
3   135990   409   13   0.0
5   135990   410   13   0.0
5   136000   411   14   0.0
3   136000   412   13   0.0
5   136010   413   13   0.0
3   136010   414   13   0.0
5   136070   415   14   0.0
3   136070   416   14   0.0
3   136070   417   14   0.0
7   136070   418   14   0.0
3   136080   419   14   0.0
5   136100   420   14   0.0
7   136140   421   15   0.0
3   136140   422   15   0.0
5   136140   423   15   0.0
3   136140   424   15   0.0
5   136170   425   15   0.0
3   136190   426   16   0.0
7   136190   427   16   0.0
3   136190   428   16   0.0
5   136190   429   16   0.0
5   136240   430   16   0.0
3   136350   431   4   0.0
5   137930   432   3   0.0
1   137950   433   3   0.0
3   137950   434   3   0.0
5   137950   435   3   0.0
3   137960   436   3   0.0
5   137960   437   3   0.0
7   137960   438   3   0.0
3   137980   439   3   0.0
3   142650   440   5   0.0
5   142650   441   5   0.0
1   142650   442   5   0.0
3   142740   443   5   0.0
5   143360   444   4   0.0
3   143360   445   4   0.0
5   143360   446   4   0.0
3   143360   447   4   0.0
5   143360   448   4   0.0
7   143360   449   4   0.0
1   143360   450   4   0.0
3   143380   451   4   0.0
5   145520   452   6   0.0
3   145520   453   6   0.0
1   145520   454   6   0.0
3   145620   455   6   0.0
5   145870   456   5   0.0
3   145870   457   5   0.0
1   145870   458   5   0.0
5   145870   459   5   0.0
3   145870   460   5   0.0
5   145870   461   5   0.0
7   145870   462   5   0.0
3   145890   463   5   0.0
3   147030   464   7   0.0
1   147030   465   7   0.0
5   147030   466   7   0.0
3   147060   467   7   0.0
5   147230   468   6   0.0
5   147230   469   6   0.0
1   147230   470   6   0.0
7   147230   471   6   0.0
5   147230   472   6   0.0
3   147230   473   6   0.0
3   147230   474   6   0.0
3   147240   475   6   0.0
3   147920   476   8   0.0
1   147920   477   8   0.0
5   147920   478   8   0.0
3   147940   479   8   0.0
5   148040   480   7   0.0
3   148050   481   7   0.0
5   148050   482   7   0.0
1   148050   483   7   0.0
3   148050   484   7   0.0
7   148050   485   7   0.0
5   148050   486   7   0.0
3   148060   487   7   0.0
5   148500   488   9   0.0
3   148500   489   9   0.0
1   148500   490   9   0.0
3   148500   491   9   0.0
5   148580   492   8   0.0
7   148580   493   8   0.0
1   148580   494   8   0.0
5   148580   495   8   0.0
3   148580   496   8   0.0
3   148580   497   8   0.0
5   148580   498   8   0.0
3   148580   499   8   0.0
5   148880   500   10   0.0
1   148880   501   10   0.0
3   148880   502   10   0.0
3   148890   503   10   0.0
5   148940   504   9   0.0
5   148950   505   9   0.0
1   148950   506   9   0.0
7   148950   507   9   0.0
5   148950   508   9   0.0
3   148950   509   9   0.0
3   148950   510   9   0.0
3   148950   511   9   0.0
1   149160   512   11   0.0
3   149160   513   11   0.0
5   149160   514   11   0.0
3   149170   515   11   0.0
1   149200   516   10   0.0
5   149200   517   10   0.0
3   149200   518   10   0.0
3   149200   519   10   0.0
5   149200   520   10   0.0
7   149200   521   10   0.0
5   149200   522   10   0.0
5   149360   523   12   0.0
3   149360   524   12   0.0
1   149360   525   12   0.0
3   149390   526   11   0.0
3   149390   527   11   0.0
1   149390   528   11   0.0
5   149390   529   11   0.0
7   149390   530   11   0.0
5   149390   531   11   0.0
5   149390   532   11   0.0
5   149510   533   13   0.0
3   149510   534   13   0.0
1   149510   535   13   0.0
5   149540   536   12   0.0
3   149540   537   12   0.0
1   149540   538   12   0.0
5   149540   539   12   0.0
3   149540   540   12   0.0
7   149540   541   12   0.0
3   149630   542   14   0.0
5   149630   543   14   0.0
1   149630   544   14   0.0
5   149650   545   13   0.0
1   149650   546   13   0.0
3   149650   547   13   0.0
3   149650   548   13   0.0
5   149650   549   13   0.0
7   149650   550   13   0.0
5   149740   551   14   0.0
1   149740   552   14   0.0
5   149740   553   14   0.0
3   149740   554   14   0.0
7   149740   555   14   0.0
3   149740   556   14   0.0
1   149820   557   15   0.0
3   149820   558   15   0.0
3   149820   559   15   0.0
5   149820   560   15   0.0
7   149820   561   15   0.0
5   149820   562   15   0.0
3   149920   563   17   0.0
5   149920   564   17   0.0
1   149920   565   17   0.0
3   149920   566   17   0.0
5   149920   567   17   0.0
7   149920   568   17   0.0
5   149960   569   18   0.0
3   149960   570   18   0.0
5   149960   571   18   0.0
1   149960   572   18   0.0
3   149960   573   18   0.0
7   149960   574   18   0.0
7   150000   575   19   0.0
5   150000   576   19   0.0
3   150000   577   19   0.0
1   150000   578   19   0.0
5   150000   579   19   0.0
3   150000   580   19   0.0

847
697.53   1   447   5   3   602000   0   0
697.53   1   448   5   5   5300000   0   0
697.53   1   449   5   7   20500000   0   0
698.30   2   447   3   3   8970000   0   0
698.30   2   448   3   5   15800000   0   0
698.63   3   447   1   3   11900000   0   0
724.84   1   437   5   5   11900000   0   0
724.84   1   438   5   7   46000000   0   0
724.84   1   436   5   3   1350000   0   0
725.67   2   436   3   3   20100000   0   0
725.67   2   437   3   5   35300000   0   0
726.03   3   436   1   3   26600000   0   0
769.35   1   303   5   3   88400000   0   0
769.41   1   302   5   5   159000000   0   0
770.26   2   304   3   1   211000000   0   0
770.29   2   303   3   3   52900000   0   0
770.35   2   302   3   5   52900000   0   0
770.70   3   303   1   3   70400000   0   0
770.79   1   296   5   3   25800000   0   0
770.99   1   294   5   3   483000   0   0
771.02   1   292   5   5   4400000   0   0
771.06   1   290   5   7   17900000   0   0
771.73   2   296   3   3   15400000   0   0
771.93   2   294   3   3   7200000   0   0
771.97   2   292   3   5   13100000   0   0
772.14   3   296   1   3   5120000   0   0
772.34   3   294   1   3   9580000   0   0
791.51   1   274   5   3   275000000   0   0
791.97   1   273   5   5   494000000   0   0
792.23   2   275   3   1   659000000   0   0
792.51   2   274   3   3   164000000   0   0
792.94   3   274   1   3   219000000   0   0
792.97   2   273   3   5   164000000   0   0
804.27   1   269   5   3   70200000   0   0
804.74   1   265   5   3   1210000   0   0
804.78   1   263   5   5   11000000   0   0
804.85   1   261   5   7   44700000   0   0
805.29   2   269   3   3   42100000   0   0
805.74   3   269   1   3   14000000   0   0
805.76   2   265   3   3   18000000   0   0
805.80   2   263   3   5   32900000   0   0
806.21   3   265   1   3   24000000   0   0
810.66   1   253   5   3   13700000   0   0
811.05   1   252   5   5   24600000   0   0
811.50   2   254   3   1   32700000   0   0
811.71   2   253   3   3   8170000   0   0
812.09   2   252   3   5   8150000   0   0
812.16   3   253   1   3   10900000   0   0
816.72   1   250   5   3   1630000   0   0
816.77   1   249   5   5   14700000   0   0
816.86   1   248   5   7   58900000   0   0
817.78   2   250   3   3   24400000   0   0
817.83   2   249   3   5   44000000   0   0
818.24   3   250   1   3   32500000   0   0
839.83   4   357   5   5   10300000   0   0
839.83   4   358   5   7   11200000   0   0
843.59   4   346   5   7   16300000   0   0
843.59   4   345   5   5   15100000   0   0
844.33   4   339   5   5   9090000   0   0
849.45   4   333   5   7   24900000   0   0
849.48   4   332   5   5   23300000   0   0
850.68   4   326   5   5   14600000   0   0
859.31   4   320   5   7   40600000   0   0
859.35   4   319   5   5   38200000   0   0
859.59   4   313   5   3   11000000   0   0
861.56   4   309   5   5   25800000   0   0
877.80   1   243   5   3   285000000   0   0
877.88   1   242   5   5   512000000   0   0
878.20   4   297   5   7   70500000   0   0
878.25   4   295   5   5   66800000   0   0
878.62   4   289   5   3   17000000   0   0
878.97   2   244   3   1   681000000   0   0
879.02   2   243   3   3   170000000   0   0
879.10   2   242   3   5   170000000   0   0
879.55   3   243   1   3   226000000   0   0
882.89   4   284   5   5   52200000   0   0
922.01   4   268   5   7   123000000   0   0
922.07   4   267   5   5   117000000   0   0
922.46   4   266   5   3   20400000   0   0
924.95   1   134   5   3   201000   0   0
924.95   1   135   5   7   7220000   0   0
924.95   1   133   5   5   1810000   0   0
926.31   2   134   3   3   3000000   0   0
926.31   2   133   3   5   5390000   0   0
926.90   3   134   1   3   3990000   0   0
929.52   1   116   5   3   296000   0   0
929.52   1   115   5   5   2660000   0   0
929.52   1   117   5   7   10600000   0   0
930.26   1   109   5   3   6900000   0   0
930.89   2   115   3   5   7950000   0   0
930.89   2   116   3   3   4420000   0   0
931.48   3   116   1   3   5880000   0   0
931.63   2   109   3   3   4120000   0   0
932.23   3   109   1   3   1370000   0   0
935.19   4   251   5   5   133000000   0   0
936.63   1   91   5   7   16600000   0   0
936.63   1   90   5   5   4150000   0   0
936.63   1   89   5   3   461000   0   0
937.84   1   83   5   3   11100000   0   0
938.02   2   90   3   5   12400000   0   0
938.02   2   89   3   3   6880000   0   0
938.62   3   89   1   3   9160000   0   0
939.24   2   83   3   3   6630000   0   0
939.84   3   83   1   3   2210000   0   0
948.69   1   65   5   5   7020000   0   0
948.69   1   67   5   3   780000   0   0
948.69   1   66   5   7   28100000   0   0
950.11   2   67   3   3   11600000   0   0
950.11   2   65   3   5   21000000   0   0
950.73   3   67   1   3   15500000   0   0
950.88   1   59   5   3   19400000   0   0
952.32   2   59   3   3   11600000   0   0
952.94   3   59   1   3   3850000   0   0
971.74   1   43   5   3   1620000   0   0
971.74   1   42   5   5   14600000   0   0
971.74   1   41   5   7   58500000   0   0
973.23   2   43   3   3   24200000   0   0
973.23   2   42   3   5   43700000   0   0
973.88   3   43   1   3   32300000   0   0
974.07   1   35   5   5   110000   0   0
975.57   2   35   3   5   22200   0   0
976.45   1   34   5   3   38600000   0   0
977.96   2   34   3   3   23000000   0   0
978.62   3   34   1   3   7660000   0   0
988.58   1   32   5   3   6470000   0   0
988.65   1   31   5   5   57700000   0   0
988.77   1   30   5   7   226000000   0   0
990.13   2   32   3   3   94700000   0   0
990.20   2   31   3   5   168000000   0   0
990.80   3   32   1   3   125000000   0   0
999.50   4   246   5   3   506000000   0   0
1025.80   1   23   5   7   76600000   0   0
1025.80   1   22   5   5   19100000   0   0
1025.80   1   21   5   3   2110000   0   0
1027.40   2   21   3   3   31700000   0   0
1027.40   2   22   3   5   57100000   0   0
1028.20   3   21   1   3   42200000   0   0
1039.20   1   15   5   3   94300000   0   0
1040.90   2   15   3   3   56400000   0   0
1041.70   3   15   1   3   18800000   0   0
1152.20   4   35   5   5   528000000   0   0
1172.50   4   32   5   3   49800   0   0
1172.60   4   31   5   5   366   0   0
1172.80   4   30   5   7   7970   0   0
1217.60   5   246   1   3   206000000   0   0
1302.20   1   7   5   3   341000000   0   0
1304.90   2   7   3   3   203000000   0   0
1306.00   3   7   1   3   67600000   0   0
1355.60   1   6   5   5   4200   0   0
1358.50   2   6   3   5   1360   0   0
1484.50   5   32   1   3   9050   0   0
1641.30   4   7   5   3   1830   0   0
1727.10   4   6   5   5   0.00532   0   0
1827.10   11   447   3   3   77900   0   0
1827.10   11   448   3   5   152000   0   0
1827.10   13   447   1   3   112000   0   0
1827.10   12   448   5   5   43200   0   0
1827.10   12   449   5   7   196000   0   0
2027.10   11   436   3   3   105000   0   0
2027.10   11   437   3   5   282000   0   0
2027.10   13   436   1   3   192000   0   0
2027.10   12   437   5   5   48500   0   0
2027.10   12   438   5   7   370000   0   0
2289.20   27   448   3   5   135000   0   0
2289.20   27   447   3   3   24800   0   0
2289.30   28   449   5   7   167000   0   0
2289.30   29   447   1   3   82900   0   0
2325.50   5   7   1   3   4.61   0   0
2418.10   11   304   3   1   298000   0   0
2418.40   11   303   3   3   74500   0   0
2418.50   12   303   5   3   124000   0   0
2418.50   13   303   1   3   99300   0   0
2419.00   11   302   3   5   74400   0   0
2419.00   12   302   5   5   223000   0   0
2432.70   11   296   3   3   371000   0   0
2432.80   12   296   5   3   619000   0   0
2432.80   13   296   1   3   123000   0   0
2434.70   11   294   3   3   128000   0   0
2434.80   13   294   1   3   170000   0   0
2435.10   11   292   3   5   232000   0   0
2435.10   12   292   5   5   77000   0   0
2435.40   12   290   5   7   313000   0   0
2612.20   27   436   3   3   95700   0   0
2612.20   28   438   5   7   148000   0   0
2612.20   27   437   3   5   108000   0   0
2612.20   28   437   5   5   71000   0   0
2612.20   29   436   1   3   90000   0   0
2800.70   11   269   3   3   485000   0   0
2800.70   12   269   5   3   808000   0   0
2800.70   13   269   1   3   161000   0   0
2806.40   11   265   3   3   177000   0   0
2806.40   12   265   5   3   11800   0   0
2806.40   13   265   1   3   236000   0   0
2806.80   11   263   3   5   322000   0   0
2806.90   12   263   5   5   107000   0   0
2807.70   12   261   5   7   435000   0   0
2877.10   11   254   3   1   1470000   0   0
2879.80   11   253   3   3   368000   0   0
2879.80   12   253   5   3   613000   0   0
2879.80   13   253   1   3   490000   0   0
2884.70   11   252   3   5   366000   0   0
2884.70   12   252   5   5   1100000   0   0
2959.20   1   5   5   1   0.000242   0   0
2973.20   2   5   3   1   0.0754   0   0
3299.90   27   304   3   1   143000   0   0
3300.50   27   303   3   3   35700   0   0
3300.50   28   303   5   3   59500   0   0
3300.50   29   303   1   3   47600   0   0
3301.50   27   302   3   5   35700   0   0
3301.50   28   302   5   5   107000   0   0
3327.20   27   296   3   3   217000   0   0
3327.20   28   296   5   3   364000   0   0
3327.20   29   296   1   3   72200   0   0
3330.90   27   294   3   3   11000   0   0
3330.90   29   294   1   3   14500   0   0
3331.50   27   292   3   5   20100   0   0
3331.50   28   292   5   5   6720   0   0
3332.10   28   290   5   7   28100   0   0
3693.40   7   57   3   1   93000   0   0
3693.40   7   56   3   3   93000   0   0
3693.40   7   55   3   5   93000   0   0
3823.70   30   277   7   5   117000   0   0
3824.50   30   276   7   7   663000   0   0
3825.00   31   278   5   3   187000   0   0
3825.40   31   277   5   5   519000   0   0
3826.10   32   278   3   3   559000   0   0
3826.30   31   276   5   7   83100   0   0
3826.60   32   277   3   5   112000   0   0
3856.10   35   280   5   5   1630000   0   0
3948.40   6   26   5   7   491000   0   0
3948.60   6   25   5   5   488000   0   0
3948.70   6   24   5   3   487000   0   0
3953.00   11   244   3   1   310000   0   0
3954.00   11   243   3   3   77400   0   0
3954.10   12   243   5   3   129000   0   0
3954.10   13   243   1   3   103000   0   0
3955.60   11   242   3   5   77300   0   0
3955.70   12   242   5   5   232000   0   0
3999.10   35   279   5   3   2410000   0   0
4055.90   27   269   3   3   272000   0   0
4055.90   28   269   5   3   456000   0   0
4056.00   29   269   1   3   90500   0   0
4067.80   27   265   3   3   96000   0   0
4067.90   28   265   5   3   6430   0   0
4067.90   29   265   1   3   128000   0   0
4068.90   27   263   3   5   174000   0   0
4068.90   28   263   5   5   58400   0   0
4070.70   28   261   5   7   235000   0   0
4218.30   27   254   3   1   544000   0   0
4223.90   27   253   3   3   136000   0   0
4224.00   28   253   5   3   226000   0   0
4224.00   29   253   1   3   181000   0   0
4234.50   27   252   3   5   135000   0   0
4234.50   28   252   5   5   404000   0   0
4369.40   7   29   3   1   756000   0   0
4369.50   7   28   3   5   759000   0   0
4369.50   7   27   3   3   758000   0   0
4655.40   8   132   3   1   430000   0   0
4655.40   8   131   3   3   323000   0   0
4655.40   8   130   3   5   151000   0   0
4655.90   9   131   5   3   108000   0   0
4655.90   9   130   5   5   251000   0   0
4655.90   9   129   5   7   287000   0   0
4656.70   10   130   7   5   28700   0   0
4656.70   10   129   7   7   143000   0   0
4656.70   10   128   7   9   430000   0   0
4773.80   8   114   3   1   700000   0   0
4773.80   8   113   3   3   525000   0   0
4773.80   8   112   3   5   245000   0   0
4774.20   9   113   5   3   175000   0   0
4774.20   9   112   5   5   408000   0   0
4774.20   9   111   5   7   467000   0   0
4775.10   10   112   7   5   46600   0   0
4775.10   10   111   7   7   233000   0   0
4775.10   10   110   7   9   700000   0   0
4803.00   8   108   3   5   262000   0   0
4803.50   9   108   5   5   437000   0   0
4804.30   10   108   7   5   611000   0   0
4968.80   8   88   3   1   1270000   0   0
4968.80   8   87   3   3   950000   0   0
4968.80   8   86   3   5   443000   0   0
4969.30   9   87   5   3   316000   0   0
4969.30   9   86   5   5   738000   0   0
4969.30   9   85   5   7   844000   0   0
4970.20   10   86   7   5   84300   0   0
4970.20   10   85   7   7   422000   0   0
4970.20   10   84   7   9   1270000   0   0
5020.20   8   82   3   5   428000   0   0
5020.70   9   82   5   5   713000   0   0
5021.60   10   82   7   5   998000   0   0
5132.60   11   133   3   5   74800   0   0
5132.60   11   134   3   3   41600   0   0
5132.70   12   133   5   5   24900   0   0
5132.70   12   135   5   7   99800   0   0
5132.70   12   134   5   3   2770   0   0
5132.80   13   134   1   3   55400   0   0
5276.40   11   115   3   5   132000   0   0
5276.40   11   116   3   3   73400   0   0
5276.60   12   117   5   7   176000   0   0
5276.60   12   116   5   3   4890   0   0
5276.60   12   115   5   5   44000   0   0
5276.60   13   116   1   3   97800   0   0
5300.40   11   109   3   3   358000   0   0
5300.50   12   109   5   3   596000   0   0
5300.60   13   109   1   3   119000   0   0
5330.60   8   64   3   1   2710000   0   0
5330.60   8   63   3   3   2030000   0   0
5330.60   8   62   3   5   948000   0   0
5331.20   9   63   5   3   677000   0   0
5331.20   9   62   5   5   1580000   0   0
5331.20   9   61   5   7   1810000   0   0
5332.20   10   62   7   5   180000   0   0
5332.20   10   61   7   7   902000   0   0
5332.20   10   60   7   9   2710000   0   0
5436.70   8   58   3   5   774000   0   0
5437.30   9   58   5   5   1290000   0   0
5438.40   10   58   7   5   1800000   0   0
5514.10   11   89   3   3   149000   0   0
5514.10   11   90   3   5   269000   0   0
5514.30   12   91   5   7   358000   0   0
5514.30   12   90   5   5   89500   0   0
5514.30   12   89   5   3   9950   0   0
5514.40   13   89   1   3   199000   0   0
5556.40   11   83   3   3   583000   0   0
5556.50   12   83   5   3   971000   0   0
5556.60   13   83   1   3   194000   0   0
5578.90   4   5   5   1   1.26   0   0
5960.00   11   65   3   5   680000   0   0
5960.00   11   67   3   3   378000   0   0
5960.20   12   65   5   5   227000   0   0
5960.20   12   67   5   3   25200   0   0
5960.20   12   66   5   7   906000   0   0
5960.30   13   67   1   3   504000   0   0
6047.90   11   59   3   3   1050000   0   0
6048.10   12   59   5   3   1750000   0   0
6048.20   13   59   1   3   350000   0   0
6142.30   9   41   5   7   962   0   0
6157.70   8   40   3   1   7620000   0   0
6157.70   8   39   3   3   5720000   0   0
6157.70   8   38   3   5   2670000   0   0
6158.40   9   39   5   3   1910000   0   0
6158.50   9   38   5   5   4450000   0   0
6158.50   9   37   5   7   5080000   0   0
6159.90   10   38   7   5   507000   0   0
6159.90   10   37   7   7   2540000   0   0
6159.90   10   36   7   9   7620000   0   0
6302.00   1   4   5   5   2.11E-05   0   0
6302.00   1   4   5   5   0.00563   0   0
6325.10   21   238   3   3   18100   0   0
6325.20   22   238   5   3   6020   0   0
6326.50   21   237   3   5   3610   0   0
6326.50   22   237   5   5   16800   0   0
6326.60   22   236   5   7   2680   0   0
6326.60   23   237   7   5   3760   0   0
6326.60   23   236   7   7   21400   0   0
6365.50   2   4   3   5   0.00182   0   0
6365.50   2   4   3   5   3.39E-06   0   0
6393.50   3   4   1   5   8.6E-07   0   0
6455.40   8   33   3   5   1650000   0   0
6456.20   9   33   5   5   2750000   0   0
6457.80   10   33   7   5   3850000   0   0
6728.10   6   12   5   5   1180   0   0
6728.40   6   11   5   3   644   0   0
7003.80   11   43   3   3   1470000   0   0
7003.90   11   42   3   5   2650000   0   0
7004.10   12   43   5   3   98300   0   0
7004.10   12   42   5   5   883000   0   0
7004.20   12   41   5   7   3530000   0   0
7004.20   13   43   1   3   1960000   0   0
7019.20   27   244   3   1   32200   0   0
7022.30   27   243   3   3   8050   0   0
7022.30   28   243   5   3   13400   0   0
7022.40   29   243   1   3   10700   0   0
7027.40   27   242   3   5   8030   0   0
7027.50   28   242   5   5   24100   0   0
7158.70   35   247   5   5   50500000   0   0
7256.20   11   34   3   3   2240000   0   0
7256.40   12   34   5   3   3730000   0   0
7256.50   13   34   1   3   745000   0   0
7774.10   6   10   5   7   36900000   0   0
7776.30   6   9   5   5   36900000   0   0
7777.50   6   8   5   3   36900000   0   0
7984.10   11   32   3   3   23300   0   0
7984.50   12   32   5   3   1800   0   0
7984.60   13   32   1   3   30900   0   0
7989.20   11   31   3   5   41900   0   0
7989.50   12   31   5   5   14100   0   0
7997.30   12   30   5   7   56300   0   0
8224.10   30   237   7   5   5080000   0   0
8224.10   30   236   7   7   28900000   0   0
8229.90   31   238   5   3   8130000   0   0
8232.30   31   237   5   5   22600000   0   0
8232.30   31   236   5   7   3620000   0   0
8235.30   32   238   3   3   24300000   0   0
8237.60   32   237   3   5   4860000   0   0
8448.60   7   13   3   1   32200000   0   0
8448.70   7   12   3   5   32200000   0   0
8449.10   7   11   3   3   32200000   0   0
8822.80   35   245   5   7   29300000   0   0
9207.50   9   23   5   7   1660   0   0
9263.30   8   20   3   1   44600000   0   0
9263.40   8   19   3   3   33400000   0   0
9263.50   8   18   3   5   15600000   0   0
9265.10   9   19   5   3   11100000   0   0
9265.20   9   18   5   5   26000000   0   0
9265.30   9   17   5   7   29700000   0   0
9268.40   10   18   7   5   2970000   0   0
9268.50   10   17   7   7   14800000   0   0
9268.50   10   16   7   9   44500000   0   0
9485.50   35   235   5   3   23400000   0   0
9624.80   42   238   5   3   52200   0   0
9624.80   43   238   3   3   157000   0   0
9627.90   41   237   7   5   32500   0   0
9627.90   41   236   7   7   185000   0   0
9628.00   42   237   5   5   145000   0   0
9628.00   42   236   5   7   23200   0   0
9628.00   43   237   3   5   31300   0   0
9697.30   14   78   5   7   45400   0   0
9697.60   14   77   5   5   45400   0   0
9697.70   14   76   5   3   45400   0   0
9828.50   16   122   9   9   224000   0   0
9828.50   16   120   9   7   19200   0   0
9828.50   16   118   9   11   1340000   0   0
9828.60   17   121   7   5   53700   0   0
9828.60   17   120   7   7   403000   0   0
9828.60   17   122   7   9   1120000   0   0
9828.70   18   119   5   3   89500   0   0
9828.70   18   121   5   5   537000   0   0
9828.70   18   120   5   7   921000   0   0
9828.80   19   121   3   5   752000   0   0
9828.80   19   119   3   3   627000   0   0
9828.80   20   119   1   3   627000   0   0
9894.40   21   125   3   5   1080000   0   0
9894.40   22   124   5   7   1140000   0   0
9894.40   22   125   5   5   200000   0   0
9894.50   23   125   7   5   5630   0   0
9894.50   23   123   7   9   1280000   0   0
9894.50   23   124   7   7   143000   0   0
10170.00   7   9   3   5   361   0   0
10172.00   7   8   3   3   197   0   0
10679.00   16   92   9   9   395000   0   0
10679.00   16   93   9   7   33900   0   0
10679.00   16   96   9   11   2370000   0   0
10679.00   17   94   7   5   94900   0   0
10679.00   17   92   7   9   1980000   0   0
10679.00   17   93   7   7   712000   0   0
10679.00   18   95   5   3   158000   0   0
10679.00   18   93   5   7   1630000   0   0
10679.00   18   94   5   5   949000   0   0
10679.00   19   95   3   3   1110000   0   0
10679.00   19   94   3   5   1330000   0   0
10679.00   20   95   1   3   1110000   0   0
10756.00   21   98   3   5   1910000   0   0
10756.00   22   97   5   7   2020000   0   0
10756.00   22   98   5   5   355000   0   0
10757.00   23   99   7   9   2280000   0   0
10757.00   23   97   7   7   254000   0   0
10757.00   23   98   7   5   10000   0   0
11095.00   24   132   3   1   287000   0   0
11095.00   24   131   3   3   215000   0   0
11095.00   24   130   3   5   100000   0   0
11096.00   25   131   5   3   71700   0   0
11096.00   25   130   5   5   167000   0   0
11096.00   25   129   5   7   191000   0   0
11097.00   26   130   7   5   19100   0   0
11097.00   26   129   7   7   95500   0   0
11097.00   26   128   7   9   287000   0   0
11289.00   11   22   3   5   23200000   0   0
11289.00   11   21   3   3   12900000   0   0
11290.00   12   23   5   7   30900000   0   0
11290.00   12   22   5   5   7740000   0   0
11290.00   12   21   5   3   860000   0   0
11290.00   13   21   1   3   17200000   0   0
11298.00   8   14   3   5   5340000   0   0
11301.00   9   14   5   5   8900000   0   0
11305.00   10   14   7   5   12500000   0   0
11377.00   13   19   1   3   398   0   0
11377.00   12   17   5   7   1010   0   0
11792.00   24   114   3   1   470000   0   0
11792.00   24   113   3   3   353000   0   0
11792.00   24   112   3   5   165000   0   0
11793.00   25   113   5   3   118000   0   0
11793.00   25   112   5   5   274000   0   0
11793.00   25   111   5   7   313000   0   0
11794.00   26   112   7   5   31300   0   0
11794.00   26   111   7   7   157000   0   0
11794.00   26   110   7   9   470000   0   0
11858.00   27   133   3   5   102000   0   0
11858.00   27   134   3   3   56500   0   0
11858.00   28   135   5   7   136000   0   0
11858.00   28   134   5   3   3770   0   0
11858.00   28   133   5   5   33900   0   0
11859.00   29   134   1   3   75400   0   0
11871.00   21   80   3   5   852   0   0
11871.00   21   81   3   3   21300   0   0
11871.00   21   79   3   1   85200   0   0
11871.00   22   80   5   5   12800   0   0
11871.00   22   81   5   3   63900   0   0
11872.00   23   80   7   5   71500   0   0
11950.00   16   78   9   7   16100   0   0
11950.00   17   78   7   7   4170   0   0
11950.00   18   78   5   7   595   0   0
11950.00   17   77   7   5   11700   0   0
11951.00   18   77   5   5   7290   0   0
11951.00   19   77   3   5   1880   0   0
11951.00   18   76   5   3   7290   0   0
11951.00   19   76   3   3   9380   0   0
11951.00   20   76   1   3   4170   0   0
11972.00   24   108   3   5   124000   0   0
11973.00   25   108   5   5   206000   0   0
11974.00   26   108   7   5   289000   0   0
12270.00   14   54   5   7   235000   0   0
12271.00   14   53   5   5   235000   0   0
12271.00   14   52   5   3   235000   0   0
12467.00   16   69   9   9   827000   0   0
12467.00   16   71   9   7   70900   0   0
12467.00   16   72   9   11   4960000   0   0
12467.00   17   69   7   9   4140000   0   0
12467.00   17   68   7   5   198000   0   0
12467.00   17   71   7   7   1490000   0   0
12468.00   18   68   5   5   1980000   0   0
12468.00   18   71   5   7   3410000   0   0
12468.00   18   70   5   3   331000   0   0
12468.00   19   68   3   5   2780000   0   0
12468.00   19   70   3   3   2320000   0   0
12468.00   20   70   1   3   2320000   0   0
12573.00   21   74   3   5   4050000   0   0
12573.00   22   75   5   7   4280000   0   0
12573.00   22   74   5   5   752000   0   0
12574.00   23   74   7   5   21200   0   0
12574.00   23   73   7   9   4820000   0   0
12574.00   23   75   7   7   537000   0   0
12655.00   27   116   3   3   97500   0   0
12655.00   27   115   3   5   176000   0   0
12655.00   28   115   5   5   58500   0   0
12655.00   28   116   5   3   6500   0   0
12655.00   28   117   5   7   234000   0   0
12656.00   29   116   1   3   130000   0   0
12794.00   27   109   3   3   177000   0   0
12794.00   28   109   5   3   295000   0   0
12794.00   29   109   1   3   58900   0   0
13057.00   24   88   3   1   865000   0   0
13057.00   24   87   3   3   649000   0   0
13057.00   24   86   3   5   303000   0   0
13059.00   25   87   5   3   216000   0   0
13059.00   25   86   5   5   505000   0   0
13059.00   25   85   5   7   577000   0   0
13061.00   26   86   7   5   57700   0   0
13061.00   26   85   7   7   288000   0   0
13061.00   26   84   7   9   865000   0   0
13080.00   15   57   3   1   286000   0   0
13080.00   15   56   3   3   286000   0   0
13081.00   15   55   3   5   286000   0   0
13167.00   11   15   3   3   7140000   0   0
13168.00   12   15   5   3   11900000   0   0
13169.00   13   15   1   3   2380000   0   0
13419.00   24   82   3   5   208000   0   0
13420.00   25   82   5   5   346000   0   0
13422.00   26   82   7   5   484000   0   0
14115.00   27   90   3   5   349000   0   0
14115.00   27   89   3   3   194000   0   0
14115.00   28   91   5   7   465000   0   0
14115.00   28   90   5   5   116000   0   0
14115.00   28   89   5   3   12900   0   0
14115.00   29   89   1   3   258000   0   0
14395.00   27   83   3   3   296000   0   0
14395.00   28   83   5   3   493000   0   0
14395.00   29   83   1   3   98600   0   0
15480.00   30   125   7   5   68.2   0   0
15480.00   30   123   7   9   15500   0   0
15480.00   30   124   7   7   1730   0   0
15510.00   31   125   5   5   2400   0   0
15510.00   31   124   5   7   13700   0   0
15529.00   32   125   3   5   12900   0   0
15669.00   21   57   3   1   183000   0   0
15670.00   21   56   3   3   45700   0   0
15670.00   21   55   3   5   1830   0   0
15670.00   22   56   5   3   137000   0   0
15670.00   22   55   5   5   27400   0   0
15670.00   23   55   7   5   154000   0   0
15892.00   24   64   3   1   1930000   0   0
15892.00   24   63   3   3   1450000   0   0
15892.00   24   62   3   5   675000   0   0
15894.00   25   63   5   3   482000   0   0
15894.00   25   62   5   5   1130000   0   0
15894.00   25   61   5   7   1290000   0   0
15897.00   26   62   7   5   129000   0   0
15897.00   26   61   7   7   643000   0   0
15897.00   26   60   7   9   1930000   0   0
16113.00   16   54   9   7   31200   0   0
16114.00   17   54   7   7   8080   0   0
16114.00   18   54   5   7   1150   0   0
16115.00   17   53   7   5   22600   0   0
16115.00   18   53   5   5   14100   0   0
16116.00   19   53   3   5   3630   0   0
16116.00   18   52   5   3   14100   0   0
16117.00   19   52   3   3   18200   0   0
16117.00   20   52   1   3   8070   0   0
16874.00   24   58   3   5   399000   0   0
16876.00   25   58   5   5   664000   0   0
16879.00   26   58   7   5   930000   0   0
17458.00   27   67   3   3   492000   0   0
17458.00   27   65   3   5   885000   0   0
17458.00   28   67   5   3   32800   0   0
17458.00   28   65   5   5   295000   0   0
17458.00   28   66   5   7   1180000   0   0
17459.00   29   67   1   3   656000   0   0
17700.00   30   99   7   9   25200   0   0
17700.00   30   98   7   5   111   0   0
17700.00   30   97   7   7   2810   0   0
17738.00   31   98   5   5   3900   0   0
17738.00   31   97   5   7   22200   0   0
17763.00   32   98   3   5   20900   0   0
18026.00   16   44   9   11   14800000   0   0
18026.00   16   45   9   9   2460000   0   0
18026.00   16   46   9   7   211000   0   0
18026.00   17   47   7   5   591000   0   0
18026.00   17   45   7   9   12300000   0   0
18026.00   17   46   7   7   4430000   0   0
18026.00   18   47   5   5   5910000   0   0
18026.00   18   48   5   3   985000   0   0
18026.00   18   46   5   7   10100000   0   0
18027.00   19   47   3   5   8270000   0   0
18027.00   19   48   3   3   6900000   0   0
18027.00   20   48   1   3   6900000   0   0
18234.00   27   59   3   3   568000   0   0
18234.00   28   59   5   3   947000   0   0
18235.00   29   59   1   3   189000   0   0
18248.00   21   50   3   5   12400000   0   0
18249.00   22   50   5   5   2300000   0   0
18249.00   22   49   5   7   13100000   0   0
18249.00   23   50   7   5   64800   0   0
18249.00   23   49   7   7   1640000   0   0
18249.00   23   51   7   9   14700000   0   0
19463.00   48   132   3   1   9020   0   0
19463.00   47   131   5   3   6020   0   0
19463.00   48   131   3   3   3010   0   0
19463.00   46   130   7   5   6190   0   0
19463.00   48   130   3   5   258   0   0
19463.00   47   130   5   5   2580   0   0
19463.00   47   129   5   7   184   0   0
19463.00   46   129   7   7   1930   0   0
19463.00   45   129   9   7   6910   0   0
19463.00   45   128   9   9   1070   0   0
19463.00   44   128   11   9   7880   0   0
19463.00   46   128   7   9   71.6   0   0
21143.00   36   122   9   9   131000   0   0
21143.00   36   120   9   7   11300   0   0
21143.00   36   118   9   11   788000   0   0
21143.00   37   121   7   5   31500   0   0
21143.00   37   120   7   7   236000   0   0
21143.00   37   122   7   9   657000   0   0
21144.00   38   120   5   7   540000   0   0
21144.00   38   121   5   5   315000   0   0
21144.00   38   119   5   3   52500   0   0
21144.00   39   121   3   5   441000   0   0
21144.00   39   119   3   3   368000   0   0
21144.00   40   119   1   3   368000   0   0
21337.00   41   123   7   9   760000   0   0
21337.00   41   124   7   7   84700   0   0
21337.00   41   125   7   5   3340   0   0
21337.00   42   125   5   5   119000   0   0
21337.00   42   124   5   7   675000   0   0
21337.00   43   125   3   5   638000   0   0
21714.00   48   114   3   1   15000   0   0
21714.00   48   113   3   3   4990   0   0
21714.00   47   113   5   3   9980   0   0
21714.00   47   112   5   5   4280   0   0
21714.00   46   112   7   5   10300   0   0
21714.00   48   112   3   5   428   0   0
21714.00   45   111   9   7   11500   0   0
21714.00   46   111   7   7   3210   0   0
21714.00   47   111   5   7   305   0   0
21714.00   44   110   11   9   13100   0   0
21714.00   45   110   9   9   1780   0   0
21714.00   46   110   7   9   119   0   0
23222.00   30   74   7   5   192   0   0
23222.00   30   75   7   7   4870   0   0
23222.00   30   73   7   9   43700   0   0
23287.00   31   74   5   5   6760   0   0
23287.00   31   75   5   7   38500   0   0
23330.00   32   74   3   5   36200   0   0
25512.00   36   93   9   7   19500   0   0
25512.00   36   96   9   11   1370000   0   0
25512.00   36   92   9   9   228000   0   0
25513.00   37   94   7   5   54600   0   0
25513.00   37   92   7   9   1140000   0   0
25513.00   37   93   7   7   410000   0   0
25513.00   38   95   5   3   91100   0   0
25513.00   38   93   5   7   937000   0   0
25513.00   38   94   5   5   546000   0   0
25513.00   39   95   3   3   637000   0   0
25513.00   39   94   3   5   765000   0   0
25514.00   40   95   1   3   637000   0   0
25794.00   41   98   7   5   5890   0   0
25794.00   41   97   7   7   149000   0   0
25794.00   41   99   7   9   1340000   0   0
25795.00   42   97   5   7   1190000   0   0
25795.00   42   98   5   5   209000   0   0
25795.00   43   98   3   5   1120000   0   0
26209.00   24   42   3   5   92.3   0   0
26214.00   25   41   5   7   847   0   0
26432.00   48   88   3   1   28100   0   0
26432.00   48   87   3   3   9370   0   0
26432.00   47   87   5   3   18700   0   0
26432.00   48   86   3   5   803   0   0
26432.00   47   86   5   5   8030   0   0
26432.00   46   86   7   5   19300   0   0
26433.00   46   85   7   7   6030   0   0
26433.00   47   85   5   7   574   0   0
26433.00   45   85   9   7   21500   0   0
26433.00   45   84   9   9   3350   0   0
26433.00   44   84   11   9   24500   0   0
26433.00   46   84   7   9   223   0   0
26506.00   24   40   3   1   6450000   0   0
26506.00   24   39   3   3   4840000   0   0
26507.00   24   38   3   5   2260000   0   0
26511.00   25   39   5   3   1610000   0   0
26511.00   25   38   5   5   3760000   0   0
26512.00   25   37   5   7   4300000   0   0
26520.00   26   38   7   5   429000   0   0
26520.00   26   37   7   7   2150000   0   0
26520.00   26   36   7   9   6440000   0   0
27639.00   14   26   5   7   4300000   0   0
27648.00   14   25   5   5   4290000   0   0
27653.00   14   24   5   3   4290000   0   0
28933.00   15   29   3   1   4100000   0   0
28935.00   15   28   3   5   4100000   0   0
28936.00   15   27   3   3   4100000   0   0
30984.00   27   43   3   3   2100000   0   0
30984.00   27   42   3   5   3780000   0   0
30984.00   28   43   5   3   140000   0   0
30985.00   28   42   5   5   1260000   0   0
30985.00   28   41   5   7   5040000   0   0
30987.00   29   43   1   3   2800000   0   0
31401.00   27   38   3   5   32.5   0   0
31402.00   28   38   5   5   72.4   0   0
31402.00   28   37   5   7   697   0   0
31404.00   29   39   1   3   62.7   0   0
33072.00   24   33   3   5   1100000   0   0
33079.00   25   33   5   5   1840000   0   0
33092.00   26   33   7   5   2570000   0   0
33293.00   41   80   7   5   57000   0   0
33294.00   42   81   5   3   50900   0   0
33294.00   42   80   5   5   10200   0   0
33294.00   43   79   3   1   67800   0   0
33294.00   43   81   3   3   17000   0   0
34207.00   36   78   9   7   10400   0   0
34208.00   37   78   7   7   2710   0   0
34208.00   38   78   5   7   386   0   0
34211.00   37   77   7   5   7570   0   0
34212.00   38   77   5   5   4730   0   0
34212.00   39   77   3   5   1220   0   0
34213.00   38   76   5   3   4730   0   0
34214.00   39   76   3   3   6080   0   0
34214.00   40   76   1   3   2700   0   0
34860.00   15   25   3   5   62   0   0
34868.00   15   24   3   3   47.2   0   0
36569.00   30   55   7   5   22000   0   0
36616.00   27   34   3   3   1610000   0   0
36617.00   28   34   5   3   2680000   0   0
36621.00   29   34   1   3   535000   0   0
36731.00   31   56   5   3   19300   0   0
36732.00   31   55   5   5   3870   0   0
36835.00   32   57   3   1   25600   0   0
36838.00   32   56   3   3   6390   0   0
38818.00   36   72   9   11   2680000   0   0
38818.00   36   71   9   7   38300   0   0
38818.00   36   69   9   9   447000   0   0
38818.00   37   71   7   7   805000   0   0
38818.00   37   68   7   5   107000   0   0
38818.00   37   69   7   9   2240000   0   0
38819.00   38   70   5   3   179000   0   0
38819.00   38   68   5   5   1070000   0   0
38819.00   38   71   5   7   1840000   0   0
38820.00   39   68   3   5   1500000   0   0
38820.00   39   70   3   3   1250000   0   0
38820.00   40   70   1   3   1250000   0   0
39473.00   41   73   7   9   2720000   0   0
39473.00   41   75   7   7   303000   0   0
39473.00   41   74   7   5   12000   0   0
39474.00   42   74   5   5   425000   0   0
39474.00   42   75   5   7   2420000   0   0
39475.00   43   74   3   5   2290000   0   0
41370.00   48   64   3   1   64400   0   0
41370.00   48   63   3   3   21500   0   0
41370.00   47   63   5   3   43000   0   0
41371.00   47   62   5   5   18400   0   0
41371.00   46   62   7   5   44100   0   0
41371.00   48   62   3   5   1840   0   0
41371.00   47   61   5   7   1310   0   0
41371.00   46   61   7   7   13800   0   0
41371.00   45   61   9   7   49300   0   0
41372.00   46   60   7   9   511   0   0
41372.00   45   60   9   9   7670   0   0
41372.00   44   60   11   9   56200   0   0
45601.00   21   29   3   1   986000   0   0
45606.00   21   28   3   5   9860   0   0
45608.00   22   28   5   5   148000   0   0
45608.00   21   27   3   3   246000   0   0
45610.00   22   27   5   3   739000   0   0
45610.00   23   28   7   5   828000   0   0
54557.00   30   49   7   7   1760   0   0
54557.00   30   51   7   9   15800   0   0
54557.00   30   50   7   5   69.7   0   0
54920.00   31   50   5   5   2420   0   0
54920.00   31   49   5   7   13800   0   0
55160.00   32   50   3   5   12900   0   0
59730.00   16   26   9   7   384000   0   0
59733.00   17   26   7   7   99500   0   0
59737.00   18   26   5   7   14200   0   0
59776.00   17   25   7   5   278000   0   0
59780.00   18   25   5   5   174000   0   0
59784.00   19   25   3   5   44700   0   0
59804.00   18   24   5   3   174000   0   0
59808.00   19   24   3   3   223000   0   0
59809.00   20   24   1   3   99200   0   0
62301.00   23   25   7   5   17.1   0   0
103980.00   43   57   3   1   364000   0   0
103990.00   41   55   7   5   306000   0   0
104000.00   42   56   5   3   273000   0   0
104000.00   43   56   3   3   90900   0   0
104000.00   42   55   5   5   54600   0   0
131390.00   36   54   9   7   156000   0   0
131400.00   37   54   7   7   40400   0   0
131410.00   38   54   5   7   5770   0   0
131480.00   37   53   7   5   113000   0   0
131490.00   38   53   5   5   70500   0   0
131500.00   39   53   3   5   18100   0   0
131550.00   38   52   5   3   70400   0   0
131560.00   39   52   3   3   90600   0   0
131570.00   40   52   1   3   40200   0   0
440570.00   1   3   5   1   1.34E-10   0   0
631850.00   1   2   5   3   8.91E-05   0   0
631850.00   1   2   5   3   1.66E-11   0   0
973300.00   36   46   9   7   3.43   0   0
973300.00   36   45   9   9   40   0   0
973300.00   36   44   9   11   240   0   0
973690.00   37   45   7   9   200   0   0
973690.00   37   46   7   7   72   0   0
973690.00   37   47   7   5   9.6   0   0
974250.00   38   48   5   3   16   0   0
974250.00   38   46   5   7   164   0   0
974250.00   38   47   5   5   95.8   0   0
974720.00   39   48   3   3   112   0   0
974720.00   39   47   3   5   134   0   0
974940.00   40   48   1   3   112   0   0
