X,Phi_ana
0.03     	  ,-0.18011
0.029697	  ,-0.163053
0.0293939	  ,-0.14724
0.0290909	  ,-0.132633
0.0287879	  ,-0.119192
0.0284848	  ,-0.106867
0.0281818	  ,-0.0956072
0.0278788	  ,-0.0853566
0.0275758	  ,-0.0760562
0.0272727	  ,-0.0676452
0.0269697	  ,-0.0600619
0.0266667	  ,-0.0532447
0.0263636	  ,-0.0471329
0.0260606	  ,-0.0416672
0.0257576	  ,-0.0367907
0.0254545	  ,-0.0324493
0.0251515	  ,-0.0285918
0.0248485	  ,-0.0251703
0.0245455	  ,-0.0221405
0.0242424	  ,-0.0194614
0.0239394	  ,-0.0170955
0.0236364	  ,-0.0150086
0.0233333	  ,-0.0131699
0.0230303	  ,-0.0115511
0.0227273	  ,-0.0101273
0.0224242	  ,-0.00887592
0.0221212	  ,-0.00777672
0.0218182	  ,-0.00681177
0.0215152	  ,-0.00596511
0.0212121	  ,-0.00522258
0.0209091	  ,-0.00457162
0.0206061	  ,-0.00400114
0.020303	  ,-0.00350135
0.02	      ,-0.0030636
0.019697	  ,-0.00268028
0.0193939	  ,-0.00234469
0.0190909	  ,-0.00205095
0.0187879	  ,-0.00179387
0.0184848	  ,-0.00156891
0.0181818	  ,-0.00137209
0.0178788	  ,-0.00119989
0.0175758	  ,-0.00104926
0.0172727	  ,-0.000917507
0.0169697	  ,-0.000802269
0.0166667	  ,-0.000701484
0.0163636	  ,-0.000613344
0.0160606	  ,-0.000536267
0.0157576	  ,-0.000468867
0.0154545	  ,-0.000409931
0.0151515	  ,-0.000358398
0.0148485	  ,-0.000313338
0.0145455	  ,-0.000273941
0.0142424	  ,-0.000239495
0.0139394	  ,-0.000209379
0.0136364	  ,-0.000183048
0.0133333	  ,-0.000160027
0.0130303	  ,-0.000139901
0.0127273	  ,-0.000122306
0.0124242	  ,-0.000106923
0.0121212	  ,-9.3474e-05
0.0118182	  ,-8.17168e-05
0.0115152	  ,-7.14383e-05
0.0112121	  ,-6.24524e-05
0.0109091	  ,-5.45966e-05
0.0106061	  ,-4.7729e-05
0.010303	  ,-4.17251e-05
0.01     	  ,-3.64765e-05
0.00969697	,-3.18881e-05
0.00939394	,-2.78768e-05
0.00909091	,-2.43701e-05
0.00878788	,-2.13044e-05
0.00848485	,-1.86244e-05
0.00818182	,-1.62815e-05
0.00787879	,-1.42333e-05
0.00757576	,-1.24429e-05
0.00727273	,-1.08777e-05
0.0069697  	,-9.50947e-06
0.00666667	,-8.3133e-06
0.00636364	,-7.26756e-06
0.00606061	,-6.35338e-06
0.00575758	,-5.55417e-06
0.00545455	,-4.85549e-06
0.00515152	,-4.24473e-06
0.00484848	,-3.71073e-06
0.00454545	,-3.24348e-06
0.00424242	,-2.83448e-06
0.00393939	,-2.47309e-06
0.00363636	,-2.16105e-06
0.00333333	,-1.89016e-06
0.0030303  	,-1.66126e-06
0.00272727	,-1.43783e-06
0.00242424	,-1.23358e-06
0.00212121	,-1.07107e-06
0.00181818	,-9.48819e-07
0.00151515	,-8.31714e-07
0.00121212	,-7.13084e-07
0.000909091	,-5.96205e-07
0.000606061	,-4.8639e-07
0.00030303	,-3.90841e-07
0	          ,-3.17279e-07
