  9900  8.33387401629419e-20
 10000  9.76128024469075e-20
 10100  1.13991378149673e-19
 10200  1.32733345148837e-19
 10300  1.54122798499433e-19
 10400  1.78470799777432e-19
 10500  2.06117188077106e-19
 10600  2.37432451024824e-19
 10700  2.72819653973156e-19
 10800  3.12716425349514e-19
 10900  3.57596995953706e-19
 11000  4.0797428982939e-19
 11100  4.64402064176059e-19
 11200  5.27477095621332e-19
 11300  5.97841410038301e-19
 11400  6.76184552969812e-19
 11500  7.63245897611069e-19
 11600  8.59816987203758e-19
 11700  9.66743908609357e-19
 11800  1.08492969375598e-18
 11900  1.21533674559227e-18
 12000  1.35898928513306e-18
 12100  1.51697581614462e-18
 12200  1.69045160399209e-18
 12300  1.88064116515767e-18
 12400  2.08884076393525e-18
 12500  2.31642091281435e-18
 12600  2.56482887308405e-18
 12700  2.83559115221456e-18
 12800  3.13031599461046e-18
 12900  3.45069586237435e-18
 13000  3.79850990277309e-18
 13100  4.17562639915872e-18
 13200  4.58400520216468e-18
 13300  5.02570013807132e-18
 13400  5.50286139131554e-18
 13500  6.01773785820471e-18
 13600  6.57267946898587e-18
 13700  7.17013947551613e-18
 13800  7.81267670187971e-18
 13900  8.50295775539877e-18
 14000  9.24375919559174e-18
 14100  1.003796965874e-17
 14200  1.08885919358349e-17
 14300  1.17987450017874e-17
 14400  1.27716659938983e-17
 14500  1.38107121376979e-17
 14600  1.49193626183815e-17
 14700  1.61012203961792e-17
 14800  1.73600139641153e-17
 14900  1.86995990467248e-17
 15000  2.01239602384093e-17
 15100  2.16372125802264e-17
 15200  2.32436030740165e-17
 15300  2.49475121328831e-17
 15400  2.67534549671484e-17
 15500  2.86660829050118e-17
 15600  3.0690184647245e-17
 15700  3.28306874553558e-17
 15800  3.50926582727555e-17
 15900  3.74813047785572e-17
 16000  4.00019763737305e-17
 16100  4.26601650994276e-17
 16200  4.54615064873824e-17
 16300  4.84117803423744e-17
 16400  5.1516911456827e-17
 16500  5.47829702576929e-17
 16600  5.82161733858545e-17
 16700  6.18228842083408e-17
 16800  6.56096132637331e-17
 16900  6.95830186412002e-17
 17000  7.37499062936658e-17
 17100  7.81172302856746e-17
 17200  8.26920929765808e-17
 17300  8.74817451397374e-17
 17400  9.24935860184197e-17
 17500  9.77351633192602e-17
 17600  1.03214173144026e-16
 17700  1.08938459860608e-16
 17800  1.14916015914129e-16
 17900  1.2115498157913e-16
 18000  1.2766364465381e-16
 18100  1.34450440097346e-16
 18200  1.41523949611324e-16
 18300  1.48892901166383e-16
 18400  1.56566168475146e-16
 18500  1.6455277041258e-16
 18600  1.72861870384915e-16
 18700  1.81502775648296e-16
 18800  1.90484936578338e-16
 18900  1.9981794589178e-16
 19000  2.09511537821442e-16
 19100  2.19575587245697e-16
 19200  2.30020108773684e-16
 19300  2.40855255787491e-16
 19400  2.52091319442538e-16
 19500  2.63738727627401e-16
 19600  2.7580804388432e-16
 19700  2.88309966291612e-16
 19800  3.01255326309254e-16
 19900  3.14655087588845e-16
 20000  3.28520344749193e-16
 20100  3.42862322118744e-16
 20200  3.5769237244608e-16
 20300  3.73021975579695e-16
 20400  3.8886273711824e-16
 20500  4.05226387032452e-16
 20600  4.22124778259935e-16
 20700  4.39569885273964e-16
 20800  4.57573802627485e-16
 20900  4.76148743473442e-16
 21000  4.95307038062571e-16
 21100  5.15061132219785e-16
 21200  5.35423585800244e-16
 21300  5.56407071126207e-16
 21400  5.78024371405731e-16
 21500  6.00288379134287e-16
 21600  6.23212094480312e-16
 21700  6.46808623655741e-16
 21800  6.71091177272507e-16
 21900  6.9607306868601e-16
 22000  7.21767712326506e-16
 22100  7.48188622019395e-16
 22200  7.75349409295306e-16
 22300  8.03263781690919e-16
 22400  8.31945541041403e-16
 22500  8.61408581765361e-16
 22600  8.91666889143118e-16
 22700  9.22734537589204e-16
 22800  9.54625688919852e-16
 22900  9.87354590616293e-16
 23000  1.02093557408465e-15
 23100  1.05538305291318e-15
 23200  1.09071152112759e-15
 23300  1.12693555144519e-15
 23400  1.16406979352855e-15
 23500  1.20212897223937e-15
 23600  1.24112788589319e-15
 23700  1.28108140451562e-15
 23800  1.32200446810077e-15
 23900  1.36391208487236e-15
 24000  1.4068193295482e-15
 24100  1.45074134160864e-15
 24200  1.4956933235694e-15
 24300  1.54169053925954e-15
 24400  1.58874831210487e-15
 24500  1.63688202341744e-15
 24600  1.6861071106916e-15
 24700  1.73643906590702e-15
 24800  1.78789343383914e-15
 24900  1.84048581037763e-15
 25000  1.89423184085308e-15
 25100  1.94914721837243e-15
 25200  2.00524768216354e-15
 25300  2.06254901592928e-15
 25400  2.12106704621142e-15
 25500  2.18081764076482e-15
 25600  2.24181670694204e-15
 25700  2.30408019008893e-15
 25800  2.36762407195128e-15
 25900  2.43246436909307e-15
 26000  2.49861713132624e-15
 26100  2.5660984401527e-15
 26200  2.63492440721841e-15
 26300  2.70511117278007e-15
 26400  2.77667490418446e-15
 26500  2.84963179436074e-15
 26600  2.92399806032595e-15
 26700  2.99978994170373e-15
 26800  3.07702369925668e-15
 26900  3.15571561343234e-15
 27000  3.23588198292304e-15
 27100  3.31753912323975e-15
 27200  3.40070336530008e-15
 27300  3.48539105403054e-15
 27400  3.57161854698323e-15
 27500  3.65940221296696e-15
 27600  3.74875843069309e-15
 27700  3.83970358743598e-15
 27800  3.93225407770825e-15
 27900  4.02642630195096e-15
 28000  4.12223666523866e-15
 28100  4.21970157599947e-15
 28200  4.3188374447502e-15
 28300  4.41966068284657e-15
 28400  4.52218770124859e-15
 28500  4.62643490930104e-15
 28600  4.73241871352925e-15
 28700  4.84015551644996e-15
 28800  4.94966171539754e-15
 28900  5.06095370136534e-15
 29000  5.17404785786233e-15
 29100  5.28896055978495e-15
 29200  5.40570817230412e-15
 29300  5.52430704976757e-15
 29400  5.64477353461725e-15
 29500  5.7671239563219e-15
 29600  5.89137463032479e-15
 29700  6.01754185700649e-15
 29800  6.14564192066273e-15
 29900  6.27569108849722e-15
 30000  6.40770560962942e-15
 30100  6.54170171411727e-15
 30200  6.67769561199469e-15
 30300  6.81570349232384e-15
 30400  6.95574152226222e-15
 30500  7.09782584614427e-15
 30600  7.24197258457766e-15
 30700  7.38819783355402e-15
 30800  7.5365176635741e-15
 30900  7.68694811878732e-15
 31000  7.83950521614558e-15
 31100  7.99420494457116e-15
 31200  8.15106326413886e-15
 31300  8.310096105272e-15
 31400  8.47131936795245e-15
 31500  8.63474892094439e-15
 31600  8.80040060103184e-15
 31700  8.96829021226978e-15
 31800  9.13843352524883e-15
 31900  9.3108462763733e-15
 32000  9.48554416715263e-15
 32100  9.66254286350592e-15
 32200  9.84185799507973e-15
 32300  1.00235051545788e-14
 32400  1.02074998971094e-14
 32500  1.03938577395362e-14
 32600  1.05825941598509e-14
 32700  1.07737245965539e-14
 32800  1.09672644480485e-14
 32900  1.11632290720471e-14
 33000  1.13616337849902e-14
 33100  1.15624938614762e-14
 33200  1.17658245337052e-14
 33300  1.19716409909325e-14
 33400  1.21799583789358e-14
 33500  1.23907917994924e-14
 33600  1.26041563098689e-14
 33700  1.28200669223222e-14
 33800  1.30385386036111e-14
 33900  1.32595862745202e-14
 34000  1.34832248093938e-14
 34100  1.37094690356809e-14
 34200  1.39383337334918e-14
 34300  1.41698336351644e-14
 34400  1.44039834248414e-14
 34500  1.46407977380582e-14
 34600  1.48802911613406e-14
 34700  1.51224782318137e-14
 34800  1.53673734368192e-14
 34900  1.56149912135445e-14
 35000  1.58653459486604e-14
 35100  1.61184519779691e-14
 35200  1.63743235860615e-14
 35300  1.66329750059842e-14
 35400  1.6894420418916e-14
 35500  1.71586739538533e-14
 35600  1.74257496873048e-14
 35700  1.76956616429954e-14
 35800  1.79684237915786e-14
 35900  1.82440500503585e-14
 36000  1.85225542830193e-14
 36100  1.88039502993646e-14
 36200  1.9088251855064e-14
 36300  1.93754726514094e-14
 36400  1.9665626335078e-14
 36500  1.99587264979046e-14
 36600  2.02547866766616e-14
 36700  2.05538203528463e-14
 36800  2.08558409524772e-14
 36900  2.11608618458968e-14
 37000  2.14688963475825e-14
 37100  2.17799577159653e-14
 37200  2.20940591532551e-14
 37300  2.2411213805274e-14
 37400  2.27314347612961e-14
 37500  2.30547350538951e-14
 37600  2.33811276587981e-14
 37700  2.37106254947467e-14
 37800  2.40432414233648e-14
 37900  2.43789882490329e-14
 38000  2.47178787187693e-14
 38100  2.50599255221169e-14
 38200  2.54051412910376e-14
 38300  2.5753538599812e-14
 38400  2.61051299649454e-14
 38500  2.64599278450804e-14
 38600  2.68179446409146e-14
 38700  2.71791926951253e-14
 38800  2.75436842922988e-14
 38900  2.79114316588661e-14
 39000  2.82824469630443e-14
 39100  2.86567423147829e-14
 39200  2.90343297657161e-14
 39300  2.94152213091203e-14
 39400  2.97994288798765e-14
 39500  3.01869643544383e-14
 39600  3.05778395508047e-14
 39700  3.09720662284983e-14
 39800  3.13696560885477e-14
 39900  3.17706207734754e-14
 40000  3.21749718672901e-14
 40100  3.25827208954836e-14
 40200  3.29938793250329e-14
 40300  3.34084585644056e-14
 40400  3.3826469963571e-14
 40500  3.42479248140149e-14
 40600  3.46728343487585e-14
 40700  3.51012097423823e-14
 40800  3.55330621110529e-14
 40900  3.59684025125552e-14
 41000  3.64072419463272e-14
 41100  3.68495913535001e-14
 41200  3.72954616169412e-14
 41300  3.77448635613008e-14
 41400  3.81978079530632e-14
 41500  3.86543055006005e-14
 41600  3.9114366854231e-14
 41700  3.95780026062803e-14
 41800  4.0045223291146e-14
 41900  4.05160393853659e-14
 42000  4.09904613076894e-14
 42100  4.1468499419152e-14
 42200  4.19501640231534e-14
 42300  4.24354653655381e-14
 42400  4.29244136346792e-14
 42500  4.34170189615658e-14
 42600  4.39132914198925e-14
 42700  4.44132410261518e-14
 42800  4.49168777397303e-14
 42900  4.54242114630061e-14
 43000  4.59352520414503e-14
 43100  4.64500092637303e-14
 43200  4.69684928618159e-14
 43300  4.7490712511088e-14
 43400  4.80166778304493e-14
 43500  4.85463983824386e-14
 43600  4.90798836733457e-14
 43700  4.96171431533304e-14
 43800  5.01581862165424e-14
 43900  5.07030222012438e-14
 44000  5.12516603899345e-14
 44100  5.18041100094785e-14
 44200  5.23603802312332e-14
 44300  5.29204801711801e-14
 44400  5.34844188900577e-14
 44500  5.40522053934968e-14
 44600  5.46238486321565e-14
 44700  5.51993575018632e-14
 44800  5.57787408437509e-14
 44900  5.6362007444403e-14
 45000  5.69491660359963e-14
 45100  5.75402252964462e-14
 45200  5.81351938495539e-14
 45300  5.87340802651548e-14
 45400  5.93368930592688e-14
 45500  5.99436406942517e-14
 45600  6.05543315789484e-14
 45700  6.11689740688473e-14
 45800  6.17875764662362e-14
 45900  6.24101470203594e-14
 46000  6.30366939275762e-14
 46100  6.36672253315205e-14
 46200  6.4301749323262e-14
 46300  6.49402739414683e-14
 46400  6.5582807172568e-14
 46500  6.62293569509152e-14
 46600  6.68799311589553e-14
 46700  6.75345376273912e-14
 46800  6.81931841353509e-14
 46900  6.88558784105564e-14
 47000  6.95226281294929e-14
 47100  7.01934409175793e-14
 47200  7.086832434934e-14
 47300  7.15472859485763e-14
 47400  7.22303331885401e-14
 47500  7.29174734921077e-14
 47600  7.36087142319542e-14
 47700  7.43040627307289e-14
 47800  7.50035262612315e-14
 47900  7.57071120465891e-14
 48000  7.64148272604332e-14
 48100  7.71266790270782e-14
 48200  7.78426744216999e-14
 48300  7.8562820470515e-14
 48400  7.92871241509606e-14
 48500  8.00155923918752e-14
 48600  8.0748232073679e-14
 48700  8.14850500285555e-14
 48800  8.22260530406337e-14
 48900  8.29712478461699e-14
 49000  8.37206411337311e-14
 49100  8.44742395443771e-14
 49200  8.52320496718452e-14
 49300  8.5994078062733e-14
 49400  8.67603312166835e-14
 49500  8.75308155865688e-14
 49600  8.83055375786754e-14
 49700  8.90845035528893e-14
 49800  8.98677198228808e-14
 49900  9.06551926562905e-14
 50000  9.14469282749149e-14
 50100  9.22429328548926e-14
 50200  9.30432125268897e-14
 50300  9.3847773376287e-14
 50400  9.46566214433657e-14
 50500  9.54697627234944e-14
 50600  9.62872031673154e-14
 50700  9.71089486809315e-14
 50800  9.79350051260931e-14
 50900  9.87653783203847e-14
 51000  9.96000740374118e-14
 51100  1.00439098006988e-13
 51200  1.01282455915322e-13
 51300  1.02130153405204e-13
 51400  1.02982196076192e-13
 51500  1.03838589484803e-13
 51600  1.04699339144692e-13
 51700  1.05564450526846e-13
 51800  1.06433929059766e-13
 51900  1.07307780129657e-13
 52000  1.08186009080611e-13
 52100  1.09068621214796e-13
 52200  1.09955621792643e-13
 52300  1.10847016033026e-13
 52400  1.11742809113457e-13
 52500  1.12643006170263e-13
 52600  1.13547612298779e-13
 52700  1.14456632553527e-13
 52800  1.15370071948407e-13
 52900  1.16287935456875e-13
 53000  1.17210228012136e-13
 53100  1.18136954507322e-13
 53200  1.19068119795679e-13
 53300  1.2000372869075e-13
 53400  1.20943785966559e-13
 53500  1.21888296357796e-13
 53600  1.22837264559999e-13
 53700  1.23790695229734e-13
 53800  1.24748592984783e-13
 53900  1.25710962404323e-13
 54000  1.26677808029108e-13
 54100  1.27649134361651e-13
 54200  1.28624945866406e-13
 54300  1.29605246969948e-13
 54400  1.30590042061154e-13
 54500  1.31579335491384e-13
 54600  1.32573131574658e-13
 54700  1.33571434587839e-13
 54800  1.34574248770811e-13
 54900  1.35581578326657e-13
 55000  1.36593427421836e-13
 55100  1.37609800186366e-13
 55200  1.38630700713994e-13
 55300  1.3965613306238e-13
 55400  1.4068610125327e-13
 55500  1.41720609272674e-13
 55600  1.42759661071039e-13
 55700  1.43803260563428e-13
 55800  1.44851411629692e-13
 55900  1.45904118114646e-13
 56000  1.46961383828244e-13
 56100  1.48023212545749e-13
 56200  1.49089608007911e-13
 56300  1.50160573921134e-13
 56400  1.51236113957653e-13
 56500  1.52316231755703e-13
 56600  1.53400930919693e-13
 56700  1.54490215020371e-13
 56800  1.55584087595001e-13
 56900  1.56682552147529e-13
 57000  1.57785612148751e-13
 57100  1.58893271036486e-13
 57200  1.60005532215739e-13
 57300  1.61122399058874e-13
 57400  1.62243874905776e-13
 57500  1.63369963064023e-13
 57600  1.64500666809046e-13
 57700  1.65635989384299e-13
 57800  1.66775934001425e-13
 57900  1.67920503840415e-13
 58000  1.69069702049779e-13
 58100  1.70223531746702e-13
 58200  1.71381996017214e-13
 58300  1.72545097916347e-13
 58400  1.73712840468299e-13
 58500  1.74885226666598e-13
 58600  1.76062259474257e-13
 58700  1.77243941823938e-13
 58800  1.7843027661811e-13
 58900  1.79621266729211e-13
 59000  1.80816914999801e-13
 59100  1.82017224242727e-13
 59200  1.83222197241273e-13
 59300  1.84431836749323e-13
 59400  1.85646145491513e-13
 59500  1.86865126163388e-13
 59600  1.8808878143156e-13
 59700  1.89317113933858e-13
 59800  1.90550126279483e-13
 59900  1.91787821049164e-13
 60000  1.93030200795308e-13
 
